1	1977
1	1983
2	1851
2	1941
3	379
3	666
4	1154
4	1467
5	1306
5	1970
6	1510
6	1776
7	1731
7	1990
8	168
8	1243
9	902
9	1904
10	1077
10	1989
11	1870
11	1982
12	173
12	1903
13	105
13	1666
14	882
14	1952
15	656
15	1030
16	1888
16	1990
17	1649
17	1734
18	1398
18	1578
19	217
19	863
20	636
20	1975
21	22
21	1719
22	21
22	1799
23	659
23	1976
24	1653
24	1804
25	1829
25	1887
26	162
26	1304
27	181
27	352
28	1361
28	1552
29	344
29	1878
30	1418
30	1650
31	736
31	1823
32	35
32	1571
33	1652
33	1684
34	1828
34	1889
35	32
35	810
36	385
36	1950
37	405
37	1770
38	290
38	1699
39	1061
39	1941
40	1546
40	1775
41	572
41	1717
42	1497
42	1605
43	1184
43	1986
44	1499
44	1817
45	1040
45	1998
46	1576
46	1738
47	265
47	1709
48	1423
48	1684
49	582
49	1699
50	1207
50	1863
51	1244
51	1333
52	1660
52	1758
53	1594
53	1785
54	931
54	1411
55	909
55	1847
56	1978
56	1994
57	533
57	1078
58	307
58	494
59	917
59	1929
60	1430
60	1790
61	1216
61	1553
62	965
62	1922
63	741
63	1882
64	1848
64	1972
65	848
65	1022
66	1503
66	1626
67	320
67	1004
68	879
68	1872
69	1832
69	1909
70	568
70	1557
71	1072
71	1369
72	1944
72	1998
73	1115
73	1314
74	142
74	1767
75	344
75	364
76	1874
76	1927
77	901
77	1130
78	139
78	1444
79	1424
79	1783
80	1451
80	1974
81	953
81	1550
82	823
82	1710
83	1252
83	1481
84	152
84	1865
85	912
85	1924
86	158
86	1441
87	872
87	1647
88	323
88	1351
89	390
89	1091
90	1326
90	1860
91	469
91	1820
92	1939
92	1948
93	932
93	1297
94	675
94	1758
95	208
95	1055
96	639
96	1159
97	314
97	1661
98	1413
98	1632
99	1601
99	1870
100	816
100	960
101	193
101	1402
102	1191
102	1942
103	1927
103	1957
104	294
104	1982
105	13
105	1701
106	1222
106	1825
107	1328
107	1444
108	1641
108	1892
109	1491
109	1847
110	710
110	1039
111	256
111	1095
112	132
112	740
113	1881
113	1911
114	1659
114	1859
115	1760
115	1917
116	1135
116	1572
117	152
117	1809
118	1556
118	1948
119	1145
119	1955
120	1935
120	1957
121	1123
121	1535
122	1174
122	1908
123	297
123	971
124	1898
124	1996
125	1621
125	1927
126	544
126	998
127	269
127	1497
128	582
128	1514
129	1186
129	1401
130	372
130	940
131	1641
131	1933
132	112
132	1855
133	1684
133	1696
134	1832
134	2000
135	1283
135	1711
136	975
136	1951
137	1362
137	1534
138	1696
138	1980
139	78
139	1499
140	1036
140	1258
141	360
141	1874
142	74
142	1729
143	1369
143	1979
144	924
144	1979
145	204
145	1700
146	1878
146	1992
147	759
147	975
148	266
148	1819
149	1906
149	1910
150	391
150	635
151	1045
151	1772
152	84
152	117
153	334
153	1647
154	660
154	934
155	785
155	981
156	1104
156	1267
157	1539
157	1767
158	86
158	1952
159	376
159	1651
160	1109
160	1335
161	1208
161	1485
162	26
162	2000
163	927
163	1439
164	1156
164	1742
165	1321
165	1934
166	1827
166	1988
167	328
167	529
168	8
168	1297
169	1609
169	1878
170	1499
170	1997
171	778
171	1975
172	1707
172	1996
173	12
173	1619
174	1247
174	1894
175	1321
175	1836
176	1428
176	1835
177	1889
177	1903
178	1939
178	1955
179	1974
179	1993
180	1083
180	1843
181	27
181	1817
182	573
182	862
183	1373
183	1379
184	1768
184	1960
185	311
185	1621
186	219
186	1713
187	448
187	893
188	1906
188	1934
189	1266
189	1528
190	1595
190	1892
191	992
191	1546
192	1710
192	1913
193	101
193	1985
194	1277
194	1729
195	389
195	1791
196	1492
196	1879
197	1116
197	1177
198	1686
198	1805
199	1418
199	1483
200	293
200	941
201	671
201	1923
202	1155
202	1993
203	519
203	1921
204	145
204	803
205	1585
205	1815
206	757
206	1544
207	366
207	540
208	95
208	959
209	1763
209	1973
210	1783
210	1899
211	676
211	1699
212	1072
212	1474
213	1520
213	1951
214	845
214	1856
215	821
215	1427
216	1664
216	1964
217	19
217	1002
218	1048
218	1302
219	186
219	485
220	1674
220	1962
221	1330
221	1944
222	1561
222	1748
223	321
223	1101
224	410
224	1364
225	241
225	1940
226	1525
226	1808
227	565
227	1353
228	261
228	1765
229	915
229	1160
230	1251
230	1941
231	1356
231	1974
232	382
232	1995
233	242
233	1951
234	1202
234	1416
235	1059
235	1614
236	899
236	1092
237	532
237	1583
238	1162
238	1631
239	387
239	1398
240	1615
240	1739
241	225
241	1110
242	233
242	1358
243	1185
243	1941
244	1195
244	1749
245	1438
245	1699
246	453
246	1827
247	637
247	1984
248	1430
248	1830
249	286
249	732
250	539
250	1248
251	321
251	776
252	1130
252	1731
253	1683
253	1946
254	987
254	1926
255	1405
255	1482
256	111
256	1306
257	420
257	1334
258	517
258	1554
259	1866
259	1931
260	1953
260	1982
261	228
261	863
262	838
262	1891
263	647
263	1796
264	580
264	1992
265	47
265	693
266	148
266	389
267	397
267	594
268	1224
268	1550
269	127
269	1731
270	1636
270	1677
271	951
271	1816
272	1004
272	1595
273	497
273	1522
274	1910
274	1936
275	1091
275	1857
276	1138
276	1173
277	1390
277	1998
278	1366
278	1919
279	679
279	926
280	1772
280	1938
281	1893
281	1981
282	1648
282	1752
283	1864
283	1953
284	828
284	1876
285	1169
285	1385
286	249
286	1968
287	1401
287	1737
288	1219
288	1255
289	1642
289	1897
290	38
290	487
291	1819
291	1829
292	1330
292	1422
293	200
293	784
294	104
294	1954
295	1194
295	1786
296	716
296	1422
297	123
297	642
298	381
298	1831
299	1519
299	1880
300	948
300	1879
301	819
301	1166
302	392
302	929
303	1271
303	1998
304	1663
304	1994
305	517
305	1079
306	602
306	826
307	58
307	1907
308	1436
308	1905
309	923
309	955
310	1538
310	1755
311	185
311	1789
312	677
312	860
313	1842
313	1885
314	97
314	1524
315	896
315	1444
316	703
316	1629
317	1746
317	1884
318	1043
318	1952
319	1608
319	1766
320	67
320	355
321	223
321	251
322	1639
322	1870
323	88
323	1863
324	1114
324	1265
325	440
325	1969
326	1269
326	1637
327	1187
327	1916
328	167
328	387
329	1884
329	1960
330	717
330	1685
331	1694
331	1830
332	414
332	1912
333	1259
333	1961
334	153
334	1698
335	367
335	700
336	941
336	1168
337	1639
337	1872
338	982
338	1143
339	1485
339	1803
340	611
340	1864
341	963
341	1856
342	1742
342	1962
343	522
343	1997
344	29
344	75
345	1885
345	1886
346	584
346	1969
347	1453
347	1631
348	937
348	1628
349	1756
349	1975
350	1182
350	1831
351	1497
351	1911
352	27
352	1811
353	1335
353	1541
354	1038
354	1909
355	320
355	730
356	1357
356	1940
357	1914
357	1967
358	650
358	1465
359	407
359	1348
360	141
360	768
361	530
361	1753
362	1586
362	1808
363	1309
363	1744
364	75
364	1657
365	1659
365	1981
366	207
366	1930
367	335
367	1606
368	396
368	1741
369	941
369	1050
370	1268
370	1837
371	1633
371	1967
372	130
372	986
373	967
373	1853
374	1406
374	1490
375	1613
375	1792
376	159
376	1651
377	1549
377	1696
378	1144
378	1956
379	3
379	1062
380	1496
380	1769
381	298
381	870
382	232
382	1189
383	1245
383	1558
384	1814
384	1893
385	36
385	1987
386	595
386	1044
387	239
387	328
388	1138
388	1999
389	195
389	266
390	89
390	1142
391	150
391	1436
392	302
392	939
393	1923
393	1963
394	560
394	1624
395	916
395	1806
396	368
396	977
397	267
397	1971
398	1183
398	1387
399	1561
399	1956
400	521
400	1072
401	523
401	1793
402	962
402	1817
403	1587
403	1601
404	626
404	1946
405	37
405	1148
406	1710
406	1718
407	359
407	1446
408	755
408	1628
409	1429
409	1957
410	224
410	1996
411	1646
411	1928
412	1328
412	1983
413	1467
413	1864
414	332
414	617
415	1054
415	1061
416	1695
416	1767
417	431
417	1789
418	433
418	1796
419	1503
419	1989
420	257
420	1107
421	1877
421	1928
422	856
422	1613
423	1617
423	1823
424	818
424	990
425	1674
425	1739
426	1235
426	1956
427	1156
427	1747
428	1977
428	1978
429	609
429	716
430	1272
430	1393
431	417
431	1865
432	1773
432	1972
433	418
433	1924
434	1905
434	1941
435	1524
435	1875
436	935
436	1204
437	1322
437	1373
438	868
438	1825
439	1595
439	1685
440	325
440	1979
441	859
441	1741
442	657
442	1868
443	1364
443	1623
444	1263
444	1999
445	818
445	1452
446	1165
446	1692
447	1081
447	1972
448	187
448	664
449	615
449	856
450	558
450	1769
451	935
451	1669
452	1362
452	1894
453	246
453	1929
454	1134
454	1312
455	1277
455	1833
456	1889
456	1898
457	1063
457	1912
458	505
458	1513
459	1874
459	1949
460	1792
460	1794
461	1345
461	1954
462	1293
462	1922
463	1733
463	1821
464	917
464	1310
465	631
465	813
466	796
466	1706
467	1018
467	1996
468	1288
468	1858
469	91
469	1620
470	1469
470	1975
471	1652
471	1957
472	893
472	1289
473	1234
473	1793
474	1179
474	1403
475	707
475	1938
476	1698
476	1972
477	1116
477	1948
478	1764
478	1815
479	853
479	1985
480	1710
480	1939
481	799
481	1158
482	1341
482	1742
483	1037
483	1283
484	1253
484	1350
485	219
485	629
486	1631
486	1842
487	290
487	1827
488	1488
488	1682
489	1628
489	1885
490	1403
490	1658
491	1299
491	1654
492	1653
492	1879
493	1361
493	1921
494	58
494	1711
495	798
495	1909
496	1717
496	1984
497	273
497	1995
498	1552
498	1851
499	1316
499	1869
500	1301
500	1731
501	1759
501	1953
502	612
502	1127
503	712
503	982
504	1338
504	1701
505	458
505	1196
506	1210
506	1955
507	938
507	1983
508	760
508	1637
509	1339
509	1779
510	922
510	1981
511	1715
511	1786
512	1199
512	1883
513	905
513	1761
514	900
514	1875
515	1085
515	1768
516	542
516	1893
517	258
517	305
518	1264
518	1928
519	203
519	1743
520	1718
520	1915
521	400
521	1903
522	343
522	1950
523	401
523	1637
524	618
524	944
525	642
525	1776
526	1220
526	1573
527	1096
527	1925
528	949
528	1456
529	167
529	1494
530	361
530	1376
531	1339
531	1443
532	237
532	1419
533	57
533	1505
534	1022
534	1843
535	1870
535	1945
536	1740
536	1862
537	1556
537	1948
538	1224
538	1527
539	250
539	746
540	207
540	1150
541	1599
541	1985
542	516
542	1438
543	1128
543	1705
544	126
544	1874
545	1233
545	1819
546	1943
546	1992
547	576
547	1664
548	1536
548	1886
549	1177
549	1391
550	1060
550	1953
551	1825
551	1899
552	1878
552	1907
553	1586
553	1903
554	1242
554	1864
555	1205
555	1634
556	588
556	1791
557	1206
557	1737
558	450
558	1264
559	1129
559	1890
560	394
560	1469
561	1113
561	1607
562	899
562	1925
563	1368
563	1926
564	1721
564	1959
565	227
565	1896
566	1738
566	1971
567	1232
567	1922
568	70
568	1333
569	1448
569	1821
570	1036
570	1681
571	1854
571	1924
572	41
572	1701
573	182
573	635
574	776
574	1984
575	1227
575	1551
576	547
576	1919
577	1460
577	1820
578	1041
578	1986
579	1491
579	1871
580	264
580	1492
581	1974
581	1991
582	49
582	128
583	1122
583	1498
584	346
584	1286
585	1627
585	1762
586	1325
586	1718
587	1201
587	1810
588	556
588	1874
589	1265
589	1832
590	958
590	1815
591	1256
591	1932
592	1869
592	1990
593	1425
593	1569
594	267
594	789
595	386
595	1976
596	1005
596	1821
597	1186
597	1895
598	1306
598	1963
599	1978
599	1994
600	1843
600	1900
601	1588
601	1791
602	306
602	1620
603	702
603	1555
604	1823
604	1877
605	1073
605	1881
606	1798
606	1961
607	1589
607	1636
608	1961
608	1970
609	429
609	1938
610	964
610	1429
611	340
611	1271
612	502
612	1441
613	699
613	1411
614	957
614	1979
615	449
615	1566
616	1232
616	1771
617	414
617	1711
618	524
618	1595
619	1506
619	1885
620	1021
620	1797
621	1849
621	1986
622	1675
622	1693
623	629
623	1669
624	925
624	1306
625	1893
625	1949
626	404
626	1085
627	1543
627	1748
628	1547
628	1914
629	485
629	623
630	939
630	997
631	465
631	1546
632	745
632	1854
633	1112
633	1397
634	1431
634	1644
635	150
635	573
636	20
636	1975
637	247
637	901
638	779
638	1699
639	96
639	1898
640	1023
640	1599
641	719
641	726
642	297
642	525
643	1354
643	1857
644	1234
644	1728
645	1197
645	1902
646	765
646	1919
647	263
647	1350
648	873
648	1841
649	1388
649	1596
650	358
650	1963
651	1891
651	1980
652	1656
652	1808
653	1329
653	1903
654	966
654	1945
655	1318
655	1924
656	15
656	1662
657	442
657	1744
658	1684
658	1934
659	23
659	1885
660	154
660	1647
661	1085
661	1190
662	972
662	1661
663	1218
663	1991
664	448
664	928
665	1530
665	1846
666	3
666	1871
667	1262
667	1425
668	1454
668	1486
669	914
669	1088
670	1643
670	1690
671	201
671	1297
672	879
672	1945
673	1179
673	1882
674	1916
674	1938
675	94
675	1527
676	211
676	1483
677	312
677	862
678	1619
678	1959
679	279
679	1411
680	1240
680	1876
681	1542
681	1965
682	1294
682	1519
683	1817
683	1857
684	1057
684	1834
685	1078
685	1332
686	1555
686	1897
687	699
687	1640
688	758
688	1637
689	849
689	1796
690	1285
690	1482
691	1853
691	2000
692	1025
692	1968
693	265
693	1576
694	1090
694	1924
695	884
695	1656
696	1239
696	2000
697	1011
697	1917
698	1758
698	1786
699	613
699	687
700	335
700	1102
701	1259
701	1403
702	603
702	1946
703	316
703	1848
704	1862
704	1905
705	1687
705	1859
706	1965
706	1970
707	475
707	1979
708	1823
708	1877
709	1132
709	1233
710	110
710	1527
711	1176
711	1310
712	503
712	1921
713	1154
713	1853
714	1325
714	1992
715	1688
715	1967
716	296
716	429
717	330
717	1685
718	1641
718	1970
719	641
719	1164
720	1307
720	1404
721	1137
721	1296
722	889
722	1665
723	899
723	1621
724	1890
724	1972
725	1189
725	1702
726	641
726	1498
727	1820
727	1877
728	1303
728	1445
729	872
729	1962
730	355
730	1796
731	1840
731	1929
732	249
732	1823
733	1379
733	1822
734	1121
734	1802
735	1595
735	1682
736	31
736	1335
737	1478
737	1861
738	1961
738	1986
739	1352
739	1772
740	112
740	1841
741	63
741	1999
742	1494
742	1931
743	1939
743	1962
744	1402
744	1886
745	632
745	1260
746	539
746	1129
747	1531
747	1679
748	1624
748	1784
749	1433
749	1809
750	802
750	1744
751	1782
751	1962
752	773
752	1860
753	1338
753	1736
754	1360
754	1387
755	408
755	983
756	1547
756	1906
757	206
757	1772
758	688
758	1743
759	147
759	1301
760	508
760	1438
761	1863
761	1873
762	1939
762	1977
763	1318
763	1927
764	968
764	1819
765	646
765	1549
766	1394
766	1501
767	1337
767	1910
768	360
768	1178
769	1373
769	1714
770	910
770	1649
771	894
771	1700
772	1895
772	1922
773	752
773	1355
774	1931
774	1933
775	1754
775	1963
776	251
776	574
777	1969
777	1979
778	171
778	1756
779	638
779	1924
780	1580
780	1878
781	1291
781	1870
782	1584
782	1761
783	1412
783	1450
784	293
784	1662
785	155
785	1270
786	1707
786	1788
787	1355
787	1662
788	1013
788	1695
789	594
789	866
790	1213
790	1383
791	1593
791	1923
792	1559
792	1693
793	1798
793	1949
794	1703
794	1926
795	1928
795	1952
796	466
796	1011
797	1313
797	1597
798	495
798	1880
799	481
799	1287
800	1460
800	1886
801	1583
801	1995
802	750
802	1818
803	204
803	1290
804	1788
804	1971
805	1935
805	1979
806	1613
806	1781
807	1613
807	1978
808	1105
808	1715
809	1826
809	1828
810	35
810	1467
811	963
811	1928
812	1044
812	1854
813	465
813	1755
814	1741
814	1848
815	1908
815	1913
816	100
816	1896
817	933
817	1449
818	424
818	445
819	301
819	1266
820	1392
820	1953
821	215
821	1168
822	961
822	1505
823	82
823	1988
824	1829
824	1947
825	1704
825	1735
826	306
826	1471
827	1064
827	1538
828	284
828	1673
829	1483
829	1830
830	1803
830	1921
831	1052
831	1283
832	1010
832	1917
833	1564
833	1572
834	1013
834	1517
835	1146
835	1911
836	1773
836	1998
837	1083
837	1969
838	262
838	1959
839	897
839	1873
840	911
840	1520
841	1856
841	1979
842	1928
842	1930
843	1293
843	1625
844	1787
844	1795
845	214
845	1824
846	1812
846	1981
847	1677
847	1678
848	65
848	1795
849	689
849	1476
850	1140
850	1644
851	1049
851	1974
852	1967
852	1996
853	479
853	1886
854	1685
854	1890
854	1917
855	885
855	1294
855	1820
856	422
856	449
856	1238
857	877
857	1124
857	1840
858	1465
858	1475
858	1754
859	441
859	1331
859	1893
860	312
860	976
860	1060
861	1837
861	1943
861	1992
862	182
862	677
862	1353
863	19
863	261
863	1765
864	1034
864	1254
864	1293
865	1602
865	1948
865	1996
866	789
866	1217
866	1776
867	989
867	1899
867	1985
868	438
868	1204
868	1648
869	1111
869	1167
869	1661
870	381
870	1866
870	1977
871	1251
871	1565
871	1950
872	87
872	729
872	1281
873	648
873	1847
873	1850
874	895
874	1914
874	1967
875	1340
875	1470
875	1727
876	1855
876	1904
876	1949
877	857
877	1031
877	1724
878	1038
878	1564
878	1969
879	68
879	672
879	1495
880	1042
880	1394
880	1979
881	952
881	1290
881	1875
882	14
882	1936
882	1969
883	988
883	1171
883	1997
884	695
884	1150
884	1929
885	855
885	1402
885	1976
886	1257
886	1317
886	1769
887	1302
887	1755
887	1890
888	1028
888	1459
888	1985
889	722
889	973
889	1745
890	1025
890	1829
890	1967
891	1753
891	1830
891	1953
892	1337
892	1775
892	1989
893	187
893	472
893	1973
894	771
894	991
894	1703
895	874
895	1059
895	1876
896	315
896	1726
896	1734
897	839
897	1870
897	1923
898	1662
898	1874
898	1904
899	236
899	562
899	723
900	514
900	1217
900	1962
901	77
901	637
901	1113
902	9
902	1855
902	1875
903	914
903	1040
903	1634
904	1707
904	1715
904	1971
905	513
905	1611
905	1906
906	1081
906	1564
906	1920
907	1694
907	1927
907	1966
908	957
908	1326
908	1581
909	55
909	936
909	950
910	770
910	1734
910	1997
911	840
911	1100
911	1994
912	85
912	1751
912	1912
913	1496
913	1579
913	1970
914	669
914	903
914	1951
915	229
915	1313
915	1812
916	395
916	1540
916	1856
917	59
917	464
917	1479
918	1475
918	1830
918	1965
919	1289
919	1898
919	1945
920	1237
920	1809
920	1930
921	1490
921	1666
921	1836
922	510
922	1137
922	1798
923	309
923	1375
923	1890
924	144
924	1532
924	1580
925	624
925	1396
925	1528
926	279
926	1951
926	1954
927	163
927	1063
927	1747
928	664
928	1730
928	1845
929	302
929	1269
929	1926
930	1315
930	1534
930	1743
931	54
931	1750
931	1896
932	93
932	1678
932	1884
933	817
933	1498
933	1530
934	154
934	1256
934	1886
935	436
935	451
935	1381
936	909
936	963
936	1891
937	348
937	1282
937	1992
938	507
938	1812
938	1983
939	392
939	630
939	1117
940	130
940	1622
940	1886
941	200
941	336
941	369
942	1736
942	1847
942	1887
943	1153
943	1670
943	1849
944	524
944	1143
944	1347
945	1555
945	1558
945	1614
946	1347
946	1705
946	1940
947	1620
947	1825
947	1842
948	300
948	1492
948	1617
949	528
949	1837
949	1882
950	909
950	1071
950	1986
951	271
951	1543
951	1783
952	881
952	1277
952	1871
953	81
953	1723
953	1918
954	1188
954	1753
954	1865
955	309
955	1506
955	1925
956	1309
956	1357
956	1950
957	614
957	908
957	1286
958	590
958	1776
958	1942
959	208
959	1732
959	1940
960	100
960	1165
960	1650
961	822
961	1588
961	1770
962	402
962	1543
962	1816
963	341
963	811
963	936
964	610
964	1463
964	1993
965	62
965	1053
965	1623
966	654
966	1407
966	1689
967	373
967	1848
967	1915
968	764
968	1208
968	1774
969	974
969	1473
969	1693
970	1883
970	1951
970	1997
971	123
971	1776
971	1980
972	662
972	1387
972	1971
973	889
973	1926
973	1943
974	969
974	1310
974	1991
975	136
975	147
975	1954
976	860
976	1756
976	1945
977	396
977	1487
977	1557
978	1021
978	1336
978	1940
979	1348
979	1416
979	1607
980	1220
980	1883
980	1995
981	155
981	1658
981	1843
982	338
982	503
982	1194
983	755
983	1781
983	1935
984	1133
984	1410
984	1714
985	1052
985	1735
985	1984
986	372
986	1002
986	1961
987	254
987	1745
987	1926
988	883
988	1054
988	1499
989	867
989	1731
989	1976
990	424
990	1890
990	1960
991	894
991	1651
991	1983
992	191
992	1668
992	1936
993	1397
993	1441
993	1632
994	1410
994	1547
994	1774
995	1408
995	1906
995	1967
996	1279
996	1646
996	1901
997	630
997	1599
997	1897
998	126
998	1385
998	1512
999	1395
999	1651
999	1897
1000	1375
1000	1402
1000	1692
1001	1161
1001	1415
1001	1895
1002	217
1002	986
1002	1793
1003	1324
1003	1440
1003	1644
1004	67
1004	272
1004	1648
1005	596
1005	1103
1005	1784
1006	1322
1006	1823
1006	1985
1007	1095
1007	1717
1007	1893
1008	1484
1008	1893
1008	1908
1009	1632
1009	1688
1009	1891
1010	832
1010	1706
1010	1968
1011	697
1011	796
1011	1968
1012	1545
1012	1898
1012	1945
1013	788
1013	834
1013	1728
1014	1759
1014	1858
1014	1955
1015	1230
1015	1381
1015	1657
1016	1718
1016	1741
1016	1877
1017	1149
1017	1916
1017	1970
1018	467
1018	1253
1018	1420
1019	1208
1019	1839
1019	1914
1020	1654
1020	1954
1020	1997
1021	620
1021	978
1021	1732
1022	65
1022	534
1022	1973
1023	640
1023	1612
1023	1783
1024	1396
1024	1679
1024	1811
1025	692
1025	890
1025	1934
1026	1434
1026	1809
1026	1881
1027	1065
1027	1741
1027	1837
1028	888
1028	1627
1028	1830
1029	1352
1029	1803
1029	1893
1030	15
1030	1045
1030	1176
1031	877
1031	1724
1031	1826
1032	1484
1032	1827
1032	1924
1033	1364
1033	1843
1033	1900
1034	864
1034	1891
1034	1915
1035	1484
1035	1913
1035	1992
1036	140
1036	570
1036	1243
1037	483
1037	1257
1037	1653
1038	354
1038	878
1038	1848
1039	110
1039	1496
1039	1788
1040	45
1040	903
1040	1445
1041	578
1041	1303
1041	1751
1042	880
1042	1722
1042	1799
1043	318
1043	1744
1043	1887
1044	386
1044	812
1044	1984
1045	151
1045	1030
1045	1377
1046	1842
1046	1955
1046	1985
1047	1408
1047	1737
1047	1880
1048	218
1048	1575
1048	1926
1049	851
1049	1660
1049	1925
1050	369
1050	1084
1050	1295
1051	1442
1051	1560
1051	1850
1052	831
1052	985
1052	1256
1053	965
1053	1594
1053	1873
1054	415
1054	988
1054	1907
1055	95
1055	1707
1055	1932
1056	1386
1056	1480
1056	1916
1057	684
1057	1248
1057	1265
1058	1125
1058	1326
1058	1359
1059	235
1059	895
1059	1119
1060	550
1060	860
1060	1818
1061	39
1061	415
1061	1772
1062	379
1062	1426
1062	1833
1063	457
1063	927
1063	1153
1064	827
1064	1406
1064	1836
1065	1027
1065	1521
1065	1919
1066	1283
1066	1769
1066	1796
1067	1643
1067	1851
1067	1941
1068	1293
1068	1705
1068	1940
1069	1753
1069	1915
1069	2000
1070	1468
1070	1709
1070	1932
1071	950
1071	1598
1071	1912
1072	71
1072	212
1072	400
1073	605
1073	1474
1073	1881
1074	1359
1074	1708
1074	1866
1075	1094
1075	1744
1075	1989
1076	1755
1076	1816
1076	1884
1077	10
1077	1314
1077	1989
1078	57
1078	685
1078	1600
1079	305
1079	1558
1079	1864
1080	1456
1080	1771
1080	1786
1081	447
1081	906
1081	1278
1082	1410
1082	1516
1082	1745
1083	180
1083	837
1083	1471
1084	1050
1084	1490
1084	1900
1085	515
1085	626
1085	661
1086	1146
1086	1957
1086	1992
1087	1308
1087	1476
1087	1972
1088	669
1088	1520
1088	1671
1089	1378
1089	1764
1089	1826
1090	694
1090	1372
1090	1479
1091	89
1091	275
1091	1840
1092	236
1092	1428
1092	1869
1093	1367
1093	1856
1093	1980
1094	1075
1094	1958
1094	1989
1095	111
1095	1007
1095	1831
1096	527
1096	1845
1096	1911
1097	1308
1097	1794
1097	1848
1098	1323
1098	1673
1098	1948
1099	1242
1099	1656
1099	1962
1100	911
1100	1461
1100	1720
1101	223
1101	1735
1101	1804
1102	700
1102	1529
1102	1958
1103	1005
1103	1148
1103	1971
1104	156
1104	1850
1104	1883
1105	808
1105	1347
1105	1786
1106	1317
1106	1420
1106	1607
1107	420
1107	1340
1107	1894
1108	1574
1108	1660
1108	1729
1109	160
1109	1412
1109	1707
1110	241
1110	1733
1110	1805
1111	869
1111	1343
1111	1947
1112	633
1112	1930
1112	1989
1113	561
1113	901
1113	1606
1114	324
1114	1133
1114	1378
1115	73
1115	1699
1115	1929
1116	197
1116	477
1116	1997
1117	939
1117	1571
1117	1698
1118	1393
1118	1900
1118	1968
1119	1059
1119	1934
1119	1964
1120	1675
1120	1918
1120	1922
1121	734
1121	1786
1121	1791
1122	583
1122	1347
1122	1655
1123	121
1123	1668
1123	1817
1124	857
1124	1409
1124	1724
1125	1058
1125	1724
1125	1909
1126	1295
1126	1667
1126	1927
1127	502
1127	1736
1127	1987
1128	543
1128	1916
1128	1965
1129	559
1129	746
1129	1612
1130	77
1130	252
1130	1804
1131	1541
1131	1884
1131	2000
1132	709
1132	1305
1132	1620
1133	984
1133	1114
1133	1559
1134	454
1134	1836
1134	1917
1135	116
1135	1713
1135	1943
1136	1500
1136	1596
1136	1638
1137	721
1137	922
1137	1519
1138	276
1138	388
1138	1817
1139	1203
1139	1852
1139	1924
1140	850
1140	1324
1140	1936
1141	1480
1141	1563
1141	1603
1142	390
1142	1630
1142	1813
1143	338
1143	944
1143	1655
1144	378
1144	1582
1144	1997
1145	119
1145	1164
1145	1977
1146	835
1146	1086
1146	1544
1147	1712
1147	1790
1147	1896
1148	405
1148	1103
1148	1343
1149	1017
1149	1212
1149	1579
1150	540
1150	884
1150	1479
1151	1566
1151	1616
1151	1813
1152	1259
1152	1500
1152	1882
1153	943
1153	1063
1153	1849
1154	4
1154	713
1154	1703
1155	202
1155	1974
1155	1993
1156	164
1156	427
1156	1812
1157	1351
1157	1357
1157	1565
1158	481
1158	1320
1158	1979
1159	96
1159	1602
1159	1827
1160	229
1160	1591
1160	1889
1161	1001
1161	1502
1161	1561
1162	238
1162	1414
1162	1701
1163	1327
1163	1779
1163	1967
1164	719
1164	1145
1164	1955
1165	446
1165	960
1165	1889
1166	301
1166	1538
1166	1610
1167	869
1167	1291
1167	1833
1168	336
1168	821
1168	1876
1169	285
1169	1295
1169	1316
1170	1797
1170	1927
1170	1950
1171	883
1171	1629
1171	1932
1172	1861
1172	1950
1172	1970
1173	276
1173	1878
1173	1955
1174	122
1174	1933
1174	1981
1175	1367
1175	1370
1175	1932
1176	711
1176	1030
1176	1479
1177	197
1177	549
1177	1872
1178	768
1178	1300
1178	1890
1179	474
1179	673
1179	1935
1180	1334
1180	1521
1180	1898
1181	1431
1181	1751
1181	1912
1182	350
1182	1298
1182	1803
1183	398
1183	1804
1183	1813
1184	43
1184	1713
1184	1876
1185	243
1185	1273
1185	1981
1186	129
1186	597
1186	1895
1187	327
1187	1485
1187	1905
1188	954
1188	1454
1188	1663
1189	382
1189	725
1189	1421
1190	661
1190	1358
1190	1616
1191	102
1191	1227
1191	1396
1192	1801
1192	1935
1192	1999
1193	1374
1193	1598
1193	1912
1194	295
1194	982
1194	1298
1195	244
1195	1582
1195	1997
1196	505
1196	1788
1196	1982
1197	645
1197	1445
1197	1830
1198	1355
1198	1670
1198	1848
1199	512
1199	1903
1199	1963
1200	1908
1200	1927
1200	1933
1201	587
1201	1577
1201	1721
1202	234
1202	1625
1202	1887
1203	1139
1203	1878
1203	1977
1204	436
1204	868
1204	1343
1205	555
1205	1559
1205	1839
1206	557
1206	1566
1206	1745
1207	50
1207	1891
1207	1959
1208	161
1208	968
1208	1019
1209	1368
1209	1448
1209	1566
1210	506
1210	1465
1210	1788
1211	1888
1211	1988
1211	1998
1212	1149
1212	1781
1212	1999
1213	790
1213	1383
1213	1565
1214	1568
1214	1900
1214	1974
1215	1643
1215	1780
1215	1826
1216	61
1216	1415
1216	1815
1217	866
1217	900
1217	1986
1218	663
1218	1585
1218	1675
1219	288
1219	1570
1219	1694
1220	526
1220	980
1220	1466
1221	1311
1221	1872
1221	1984
1222	106
1222	1512
1222	1755
1223	1238
1223	1348
1223	1566
1224	268
1224	538
1224	1974
1225	1605
1225	1763
1225	1845
1226	1523
1226	1603
1226	1672
1227	575
1227	1191
1227	1727
1228	1294
1228	1372
1228	1446
1229	1251
1229	1383
1229	1797
1230	1015
1230	1570
1230	1624
1231	1382
1231	1609
1231	1763
1232	567
1232	616
1232	1996
1233	545
1233	709
1233	1853
1234	473
1234	644
1234	1832
1235	426
1235	1521
1235	1919
1236	1717
1236	1762
1236	1905
1237	920
1237	1249
1237	1952
1238	856
1238	1223
1238	1638
1239	696
1239	1578
1239	1941
1240	680
1240	1451
1240	1627
1241	1760
1241	1778
1241	1917
1242	554
1242	1099
1242	1897
1243	8
1243	1036
1243	1274
1244	51
1244	1267
1244	1369
1245	383
1245	1370
1245	1845
1246	1854
1246	1938
1246	1940
1247	174
1247	1273
1247	1919
1248	250
1248	1057
1248	1877
1249	1237
1249	1365
1249	1548
1250	1390
1250	1518
1250	1526
1251	230
1251	871
1251	1229
1251	1797
1252	83
1252	1311
1252	1348
1252	1618
1253	484
1253	1018
1253	1647
1253	1769
1254	864
1254	1868
1254	1989
1254	1994
1255	288
1255	1509
1255	1644
1255	1931
1256	591
1256	934
1256	1052
1256	1519
1257	886
1257	1037
1257	1394
1257	1950
1258	140
1258	1314
1258	1557
1258	1959
1259	333
1259	701
1259	1152
1259	1874
1260	745
1260	1275
1260	1615
1260	1854
1261	1695
1261	1767
1261	1800
1261	1887
1262	667
1262	1597
1262	1867
1262	1937
1263	444
1263	1645
1263	1846
1263	1912
1264	518
1264	558
1264	1574
1264	1789
1265	324
1265	589
1265	1057
1265	1640
1266	189
1266	819
1266	1770
1266	1927
1267	156
1267	1244
1267	1581
1267	1761
1268	370
1268	1557
1268	1871
1268	1879
1269	326
1269	929
1269	1407
1269	1982
1270	785
1270	1455
1270	1502
1270	1683
1271	303
1271	611
1271	1412
1271	1468
1272	430
1272	1275
1272	1636
1272	1796
1273	1185
1273	1247
1273	1780
1273	1802
1274	1243
1274	1491
1274	1871
1274	1920
1275	1260
1275	1272
1275	1635
1275	1929
1276	1650
1276	1682
1276	1750
1276	1808
1277	194
1277	455
1277	952
1277	1695
1278	1081
1278	1433
1278	1610
1278	1987
1279	996
1279	1464
1279	1949
1279	1961
1280	1350
1280	1406
1280	1485
1280	1701
1281	872
1281	1655
1281	1656
1281	1674
1282	937
1282	1325
1282	1628
1282	1999
1283	135
1283	483
1283	831
1283	1066
1284	1302
1284	1368
1284	1703
1284	1945
1285	690
1285	1354
1285	1549
1285	1875
1286	584
1286	957
1286	1573
1286	1969
1287	799
1287	1694
1287	1750
1287	1820
1288	468
1288	1580
1288	1666
1288	1937
1289	472
1289	919
1289	1673
1289	1956
1290	803
1290	881
1290	1672
1290	1817
1291	781
1291	1167
1291	1730
1291	1815
1292	1512
1292	1592
1292	1671
1292	1869
1293	462
1293	843
1293	864
1293	1068
1294	682
1294	855
1294	1228
1294	1907
1295	1050
1295	1126
1295	1169
1295	1966
1296	721
1296	1774
1296	1914
1296	1964
1297	93
1297	168
1297	671
1297	1510
1298	1182
1298	1194
1298	1900
1298	1962
1299	491
1299	1632
1299	1700
1299	1752
1300	1178
1300	1312
1300	1917
1300	1947
1301	500
1301	759
1301	1328
1301	1680
1302	218
1302	887
1302	1284
1302	1466
1303	728
1303	1041
1303	1669
1303	1790
1304	26
1304	1488
1304	1688
1304	1987
1305	1132
1305	1898
1305	1919
1305	1996
1306	5
1306	256
1306	598
1306	624
1307	720
1307	1765
1307	1918
1307	1923
1308	1087
1308	1097
1308	1686
1308	1860
1309	363
1309	956
1309	1791
1309	1861
1310	464
1310	711
1310	974
1310	1827
1311	1221
1311	1252
1311	1359
1311	1769
1312	454
1312	1300
1312	1746
1312	1778
1313	797
1313	915
1313	1541
1313	1740
1314	73
1314	1077
1314	1258
1314	1384
1315	930
1315	1727
1315	1752
1315	1845
1316	499
1316	1169
1316	1770
1316	1855
1317	886
1317	1106
1317	1799
1317	1984
1318	655
1318	763
1318	1789
1318	1949
1319	1702
1319	1856
1319	1990
1319	1995
1320	1158
1320	1573
1320	1604
1320	1935
1321	165
1321	175
1321	1905
1321	1970
1322	437
1322	1006
1322	1354
1322	1957
1323	1098
1323	1895
1323	1913
1323	1956
1324	1003
1324	1140
1324	1405
1324	1751
1325	586
1325	714
1325	1282
1325	1992
1326	90
1326	908
1326	1058
1326	1777
1327	1163
1327	1633
1327	1774
1327	1934
1328	107
1328	412
1328	1301
1328	1771
1329	653
1329	1686
1329	1803
1329	1981
1330	221
1330	292
1330	1627
1330	1991
1331	859
1331	1783
1331	1806
1331	1913
1332	685
1332	1429
1332	1870
1332	1923
1333	51
1333	568
1333	1589
1333	1854
1334	257
1334	1180
1334	1561
1334	1956
1335	160
1335	353
1335	736
1335	2000
1336	978
1336	1510
1336	1832
1336	1851
1337	767
1337	892
1337	1775
1337	1986
1338	504
1338	753
1338	1952
1338	1959
1339	509
1339	531
1339	1624
1339	1971
1340	875
1340	1107
1340	1658
1340	1726
1341	482
1341	1507
1341	1643
1341	1797
1342	1564
1342	1725
1342	1773
1342	1990
1343	1111
1343	1148
1343	1204
1343	1657
1344	1426
1344	1507
1344	1725
1344	1888
1345	461
1345	1377
1345	1796
1345	1924
1346	1695
1346	1697
1346	1716
1346	1740
1347	944
1347	946
1347	1105
1347	1122
1348	359
1348	979
1348	1223
1348	1252
1349	1377
1349	1474
1349	1534
1349	1739
1350	484
1350	647
1350	1280
1350	1892
1351	88
1351	1157
1351	1815
1351	1942
1352	739
1352	1029
1352	1515
1352	1908
1353	227
1353	862
1353	1844
1353	1987
1354	643
1354	1285
1354	1322
1354	1942
1355	773
1355	787
1355	1198
1355	1846
1356	231
1356	1898
1356	1917
1356	1996
1357	356
1357	956
1357	1157
1357	1506
1358	242
1358	1190
1358	1800
1358	1813
1359	1058
1359	1074
1359	1311
1359	1560
1360	754
1360	1468
1360	1821
1360	1848
1361	28
1361	493
1361	1687
1361	1806
1362	137
1362	452
1362	1418
1362	1739
1363	1481
1363	1655
1363	1871
1363	1962
1364	224
1364	443
1364	1033
1364	1656
1365	1249
1365	1681
1365	1901
1365	1979
1366	278
1366	1936
1366	1990
1366	1995
1367	1093
1367	1175
1367	1995
1367	1998
1368	563
1368	1209
1368	1284
1368	1743
1369	71
1369	143
1369	1244
1369	1611
1370	1175
1370	1245
1370	1425
1370	1749
1371	1800
1371	1812
1371	1833
1371	1841
1372	1090
1372	1228
1372	1907
1372	1984
1373	183
1373	437
1373	769
1373	1982
1374	1193
1374	1615
1374	1644
1374	1986
1375	923
1375	1000
1375	1720
1375	1850
1376	530
1376	1488
1376	1712
1376	1818
1377	1045
1377	1345
1377	1349
1377	1827
1378	1089
1378	1114
1378	1511
1378	1672
1379	183
1379	733
1379	1631
1379	1756
1380	1531
1380	1785
1380	1838
1380	1923
1381	935
1381	1015
1381	1750
1381	1904
1382	1231
1382	1434
1382	1470
1382	1845
1383	790
1383	1213
1383	1229
1383	1552
1384	1314
1384	1548
1384	1697
1384	1963
1385	285
1385	998
1385	1591
1385	1920
1386	1056
1386	1803
1386	1892
1386	1963
1387	398
1387	754
1387	972
1387	1722
1388	649
1388	1638
1388	1641
1388	1938
1389	1447
1389	1466
1389	1864
1389	1878
1390	277
1390	1250
1390	1548
1390	1773
1391	549
1391	1708
1391	1818
1391	1822
1392	820
1392	1416
1392	1818
1392	1822
1393	430
1393	1118
1393	1655
1393	1676
1394	766
1394	880
1394	1257
1394	1723
1395	999
1395	1525
1395	1640
1395	1864
1396	925
1396	1024
1396	1191
1396	1779
1397	633
1397	993
1397	1901
1397	1930
1398	18
1398	239
1398	1404
1398	1551
1399	1612
1399	1825
1399	1885
1399	1985
1400	1541
1400	1670
1400	1765
1400	1876
1401	129
1401	287
1401	1515
1401	1956
1402	101
1402	744
1402	885
1402	1000
1403	474
1403	490
1403	701
1403	1568
1404	720
1404	1398
1404	1442
1404	1922
1405	255
1405	1324
1405	1846
1405	1877
1406	374
1406	1064
1406	1280
1406	1992
1407	966
1407	1269
1407	1759
1407	1987
1408	995
1408	1047
1408	1486
1408	1761
1409	1124
1409	1487
1409	1743
1409	1982
1410	984
1410	994
1410	1082
1410	1432
1411	54
1411	613
1411	679
1411	1459
1412	783
1412	1109
1412	1271
1412	1709
1413	98
1413	1710
1413	1872
1413	1943
1414	1162
1414	1417
1414	1920
1414	1922
1415	1001
1415	1216
1415	1502
1415	1948
1416	234
1416	979
1416	1392
1416	1984
1417	1414
1417	1517
1417	1695
1417	1887
1418	30
1418	199
1418	1362
1418	1657
1419	532
1419	1506
1419	1869
1419	1960
1420	1018
1420	1106
1420	1471
1420	1704
1421	1189
1421	1608
1421	1725
1421	1749
1422	292
1422	296
1422	1847
1422	1976
1423	48
1423	1482
1423	1603
1423	1663
1424	79
1424	1599
1424	1783
1424	1976
1425	593
1425	667
1425	1370
1425	1978
1426	1062
1426	1344
1426	1869
1426	1988
1427	215
1427	1665
1427	1746
1427	1862
1428	176
1428	1092
1428	1888
1428	1998
1429	409
1429	610
1429	1332
1429	1721
1430	60
1430	248
1430	1790
1430	1896
1431	634
1431	1181
1431	1440
1431	1668
1432	1410
1432	1685
1432	1760
1432	1960
1433	749
1433	1278
1433	1487
1433	1793
1434	1026
1434	1382
1434	1809
1434	1894
1435	1637
1435	1753
1435	1945
1435	1987
1436	308
1436	391
1436	1641
1436	1836
1437	1721
1437	1785
1437	1944
1437	1953
1438	245
1438	542
1438	760
1438	1854
1439	163
1439	1629
1439	1686
1439	1933
1440	1003
1440	1431
1440	1849
1440	1986
1441	86
1441	612
1441	993
1441	1947
1442	1051
1442	1404
1442	1720
1442	1979
1443	531
1443	1662
1443	1714
1443	1932
1444	78
1444	107
1444	315
1444	1818
1445	728
1445	1040
1445	1197
1445	1750
1446	407
1446	1228
1446	1704
1446	1930
1447	1389
1447	1642
1447	1745
1447	1996
1448	569
1448	1209
1448	1467
1448	1897
1449	817
1449	1710
1449	1879
1449	1935
1450	783
1450	1506
1450	1778
1450	1881
1451	80
1451	1240
1451	1536
1451	1919
1452	445
1452	1799
1452	1890
1452	1968
1453	347
1453	1465
1453	1493
1453	1743
1454	668
1454	1188
1454	1509
1454	1858
1455	1270
1455	1664
1455	1797
1455	1956
1456	528
1456	1080
1456	1634
1456	1731
1457	1459
1457	1623
1457	1723
1457	1873
1458	1577
1458	1806
1458	1921
1458	1933
1459	888
1459	1411
1459	1457
1459	1570
1460	577
1460	800
1460	1973
1460	1985
1461	1100
1461	1866
1461	1964
1461	1977
1462	1661
1462	1722
1462	1733
1462	1971
1463	964
1463	1531
1463	1679
1463	1795
1464	1279
1464	1782
1464	1961
1464	1966
1465	358
1465	858
1465	1210
1465	1453
1466	1220
1466	1302
1466	1389
1466	1533
1467	4
1467	413
1467	810
1467	1448
1468	1070
1468	1271
1468	1360
1468	1648
1469	470
1469	560
1469	1682
1469	1722
1470	875
1470	1382
1470	1621
1470	1726
1470	1894
1471	826
1471	1083
1471	1420
1471	1758
1471	1786
1472	1598
1472	1665
1472	1667
1472	1760
1472	1884
1473	969
1473	1600
1473	1779
1473	1838
1473	1993
1474	212
1474	1073
1474	1349
1474	1727
1474	1973
1475	858
1475	918
1475	1701
1475	1905
1475	1972
1476	849
1476	1087
1476	1670
1476	1972
1476	1994
1477	1510
1477	1587
1477	1604
1477	1883
1477	1969
1478	737
1478	1514
1478	1938
1478	1941
1478	1990
1479	917
1479	1090
1479	1150
1479	1176
1479	1932
1480	1056
1480	1141
1480	1523
1480	1863
1480	1947
1481	83
1481	1363
1481	1656
1481	1674
1481	1900
1482	255
1482	690
1482	1423
1482	1779
1482	1875
1483	199
1483	676
1483	829
1483	1648
1483	1663
1484	1008
1484	1032
1484	1035
1484	1805
1484	1859
1485	161
1485	339
1485	1187
1485	1280
1485	1963
1486	668
1486	1408
1486	1611
1486	1614
1486	1934
1487	977
1487	1409
1487	1433
1487	1844
1487	1975
1488	488
1488	1304
1488	1376
1488	1975
1488	1987
1489	1645
1489	1681
1489	1787
1489	1795
1489	1868
1490	374
1490	921
1490	1084
1490	1905
1490	1965
1491	109
1491	579
1491	1274
1491	1671
1491	1904
1492	196
1492	580
1492	948
1492	1958
1492	1992
1493	1453
1493	1758
1493	1793
1493	1844
1493	1953
1494	529
1494	742
1494	1867
1494	1925
1494	1978
1495	879
1495	1603
1495	1823
1495	1943
1495	1999
1496	380
1496	913
1496	1039
1496	1519
1496	1907
1497	42
1497	127
1497	351
1497	1809
1497	1881
1498	583
1498	726
1498	933
1498	1676
1498	1786
1499	44
1499	139
1499	170
1499	988
1499	1946
1500	1136
1500	1152
1500	1680
1500	1781
1500	1935
1501	766
1501	1647
1501	1704
1501	1712
1501	1984
1502	1161
1502	1270
1502	1415
1502	1584
1502	1898
1503	66
1503	419
1503	1526
1503	1777
1503	1888
1504	1712
1504	1742
1504	1822
1504	1865
1504	1982
1505	533
1505	822
1505	1944
1505	1977
1505	1991
1506	619
1506	955
1506	1357
1506	1419
1506	1450
1507	1341
1507	1344
1507	1690
1507	1851
1507	1950
1508	1517
1508	1522
1508	1702
1508	1990
1508	1995
1509	1255
1509	1454
1509	1518
1509	1835
1509	1841
1510	6
1510	1297
1510	1336
1510	1477
1510	1940
1511	1378
1511	1724
1511	1853
1511	1931
1511	2000
1512	998
1512	1222
1512	1292
1512	1728
1512	1833
1513	458
1513	1698
1513	1860
1513	1876
1513	2000
1514	128
1514	1478
1514	1596
1514	1795
1514	1941
1515	1352
1515	1401
1515	1687
1515	1805
1515	1859
1516	1082
1516	1607
1516	1757
1516	1934
1516	1964
1517	834
1517	1417
1517	1508
1517	1616
1517	1887
1518	1250
1518	1509
1518	1794
1518	1931
1518	1937
1519	299
1519	682
1519	1137
1519	1256
1519	1496
1520	213
1520	840
1520	1088
1520	1844
1520	1954
1521	1065
1521	1180
1521	1235
1521	1626
1521	1895
1522	273
1522	1508
1522	1824
1522	1893
1522	1990
1523	1226
1523	1480
1523	1583
1523	1815
1523	1840
1524	314
1524	435
1524	1672
1524	1696
1524	1776
1525	226
1525	1395
1525	1840
1525	1863
1525	1980
1526	1250
1526	1503
1526	1626
1526	1925
1526	1995
1527	538
1527	675
1527	710
1527	1742
1527	1909
1528	189
1528	925
1528	1770
1528	1904
1528	1925
1529	1102
1529	1689
1529	1844
1529	1945
1529	1975
1530	665
1530	933
1530	1879
1530	1969
1530	1999
1531	747
1531	1380
1531	1463
1531	1623
1531	1926
1532	924
1532	1708
1532	1883
1532	1969
1532	1993
1533	1466
1533	1571
1533	1642
1533	1864
1533	1941
1534	137
1534	930
1534	1349
1534	1726
1534	1921
1535	121
1535	1668
1535	1907
1535	1936
1535	1986
1536	548
1536	1451
1536	1577
1536	1593
1536	1721
1537	1565
1537	1591
1537	1800
1537	1871
1537	1880
1538	310
1538	827
1538	1166
1538	1618
1538	1987
1539	157
1539	1847
1539	1871
1539	1930
1539	1946
1540	916
1540	1853
1540	1888
1540	1995
1540	1998
1541	353
1541	1131
1541	1313
1541	1400
1541	1826
1542	681
1542	1811
1542	1817
1542	1851
1542	1942
1543	627
1543	951
1543	962
1543	1816
1543	1947
1544	206
1544	1146
1544	1726
1544	1911
1544	1980
1545	1012
1545	1648
1545	1689
1545	1712
1545	1766
1546	40
1546	191
1546	631
1546	1910
1546	1988
1547	628
1547	756
1547	994
1547	1584
1547	1909
1548	1249
1548	1384
1548	1390
1548	1795
1548	1930
1549	377
1549	765
1549	1285
1549	1738
1549	1947
1550	81
1550	268
1550	1577
1550	1605
1550	1838
1551	575
1551	1398
1551	1785
1551	1838
1551	1991
1552	28
1552	498
1552	1383
1552	1791
1552	1911
1553	61
1553	1667
1553	1811
1553	1875
1553	1942
1554	258
1554	1858
1554	1867
1554	1955
1554	1977
1555	603
1555	686
1555	945
1555	1990
1555	1998
1556	118
1556	537
1556	1902
1556	1919
1556	1956
1557	70
1557	977
1557	1258
1557	1268
1557	1992
1558	383
1558	945
1558	1079
1558	1828
1558	1988
1559	792
1559	1133
1559	1205
1559	1774
1559	1906
1560	1051
1560	1359
1560	1692
1560	1708
1560	1983
1561	222
1561	399
1561	1161
1561	1334
1561	1996
1562	1581
1562	1850
1562	1889
1562	1903
1562	1950
1563	1141
1563	1730
1563	1855
1563	1942
1563	1980
1564	833
1564	878
1564	906
1564	1342
1564	1765
1565	871
1565	1157
1565	1213
1565	1537
1565	1851
1566	615
1566	1151
1566	1206
1566	1209
1566	1223
1567	1578
1567	1764
1567	1839
1567	1915
1567	1983
1568	1214
1568	1403
1568	1587
1568	1658
1568	1758
1569	593
1569	1619
1569	1759
1569	1763
1569	1994
1570	1219
1570	1230
1570	1459
1570	1767
1570	1896
1571	32
1571	1117
1571	1533
1571	1864
1571	1888
1572	116
1572	833
1572	1670
1572	1698
1572	1954
1573	526
1573	1286
1573	1320
1573	1692
1573	1865
1574	1108
1574	1264
1574	1782
1574	1855
1574	1899
1575	1048
1575	1617
1575	1628
1575	1879
1575	1943
1576	46
1576	693
1576	1579
1576	1722
1576	1738
1577	1201
1577	1458
1577	1536
1577	1550
1577	1991
1578	18
1578	1239
1578	1567
1578	1630
1578	1832
1579	913
1579	1149
1579	1576
1579	1905
1579	1963
1580	780
1580	924
1580	1288
1580	1794
1580	1852
1581	908
1581	1267
1581	1562
1581	1604
1581	1690
1582	1144
1582	1195
1582	1634
1582	1635
1582	1997
1583	237
1583	801
1583	1523
1583	1748
1583	1988
1584	782
1584	1502
1584	1547
1584	1611
1584	1967
1585	205
1585	1218
1585	1721
1585	1762
1585	1819
1586	362
1586	553
1586	1713
1586	1857
1586	1980
1587	403
1587	1477
1587	1568
1587	1708
1587	1903
1588	601
1588	961
1588	1617
1588	1782
1588	1966
1589	607
1589	1333
1589	1827
1589	1929
1589	1937
1590	1702
1590	1773
1590	1869
1590	1929
1590	1990
1591	1160
1591	1385
1591	1537
1591	1671
1591	1847
1592	1292
1592	1625
1592	1689
1592	1887
1592	1920
1593	791
1593	1536
1593	1785
1593	1896
1593	1944
1594	53
1594	1053
1594	1838
1594	1936
1594	1944
1595	190
1595	272
1595	439
1595	618
1595	735
1596	649
1596	1136
1596	1514
1596	1633
1596	1861
1597	797
1597	1262
1597	1834
1597	1983
1597	2000
1598	1071
1598	1193
1598	1472
1598	1912
1598	1936
1599	541
1599	640
1599	997
1599	1424
1599	1985
1600	1078
1600	1473
1600	1679
1600	1916
1600	1991
1601	99
1601	403
1601	1627
1601	1723
1601	1944
1602	865
1602	1159
1602	1604
1602	1919
1602	1948
1603	1141
1603	1226
1603	1423
1603	1495
1603	1942
1604	1320
1604	1477
1604	1581
1604	1602
1604	1979
1605	42
1605	1225
1605	1550
1605	1894
1605	1911
1606	367
1606	1113
1606	1697
1606	1716
1606	1930
1606	1959
1607	561
1607	979
1607	1106
1607	1516
1607	1704
1607	1984
1608	319
1608	1421
1608	1618
1608	1688
1608	1756
1608	1766
1609	169
1609	1231
1609	1739
1609	1763
1609	1881
1609	1894
1610	1166
1610	1278
1610	1743
1610	1766
1610	1901
1610	1982
1611	905
1611	1369
1611	1486
1611	1584
1611	1761
1611	1934
1612	1023
1612	1129
1612	1399
1612	1783
1612	1842
1612	1885
1613	375
1613	422
1613	806
1613	807
1613	1734
1613	1792
1614	235
1614	945
1614	1486
1614	1900
1614	1934
1614	1964
1615	240
1615	1260
1615	1374
1615	1775
1615	1849
1615	1986
1616	1151
1616	1190
1616	1517
1616	1767
1616	1847
1616	1902
1617	423
1617	948
1617	1575
1617	1588
1617	1645
1617	1935
1618	1252
1618	1538
1618	1608
1618	1793
1618	1949
1618	1987
1619	173
1619	678
1619	1569
1619	1700
1619	1835
1619	1939
1620	469
1620	602
1620	947
1620	1132
1620	1622
1620	1899
1621	125
1621	185
1621	723
1621	1470
1621	1660
1621	1925
1622	940
1622	1620
1622	1657
1622	1825
1622	1885
1622	1976
1623	443
1623	965
1623	1457
1623	1531
1623	1723
1623	1974
1624	394
1624	748
1624	1230
1624	1339
1624	1722
1624	1784
1625	843
1625	1202
1625	1592
1625	1814
1625	1841
1625	1847
1626	66
1626	1521
1626	1526
1626	1777
1626	1824
1626	1988
1627	585
1627	1028
1627	1240
1627	1330
1627	1601
1627	1762
1628	348
1628	408
1628	489
1628	1282
1628	1575
1628	1710
1629	316
1629	1171
1629	1439
1629	1714
1629	1738
1629	1821
1630	1142
1630	1578
1630	1634
1630	1868
1630	1951
1630	1954
1631	238
1631	347
1631	486
1631	1379
1631	1865
1631	1982
1632	98
1632	993
1632	1009
1632	1299
1632	1859
1632	1891
1633	371
1633	1327
1633	1596
1633	1819
1633	1839
1633	1964
1634	555
1634	903
1634	1456
1634	1582
1634	1630
1634	1953
1635	1275
1635	1582
1635	1636
1635	1768
1635	1854
1635	1929
1636	270
1636	607
1636	1272
1636	1635
1636	1672
1636	1696
1637	326
1637	508
1637	523
1637	688
1637	1435
1637	1945
1638	1136
1638	1238
1638	1388
1638	1797
1638	1816
1638	1861
1639	322
1639	337
1639	1675
1639	1679
1639	1873
1639	1995
1640	687
1640	1265
1640	1395
1640	1745
1640	1897
1640	1926
1641	108
1641	131
1641	718
1641	1388
1641	1436
1641	1965
1642	289
1642	1447
1642	1533
1642	1703
1642	1814
1642	1908
1643	670
1643	1067
1643	1215
1643	1341
1643	1802
1643	1834
1644	634
1644	850
1644	1003
1644	1255
1644	1374
1644	1849
1645	1263
1645	1489
1645	1617
1645	1810
1645	1943
1645	1957
1646	411
1646	996
1646	1654
1646	1664
1646	1901
1646	1952
1647	87
1647	153
1647	660
1647	1253
1647	1501
1647	1970
1648	282
1648	868
1648	1004
1648	1468
1648	1483
1648	1545
1649	17
1649	770
1649	1771
1649	1863
1649	1951
1649	1954
1650	30
1650	960
1650	1276
1650	1683
1650	1790
1650	1885
1651	159
1651	376
1651	991
1651	999
1651	1897
1651	1975
1652	33
1652	471
1652	1718
1652	1810
1652	1882
1652	1967
1653	24
1653	492
1653	1037
1653	1799
1653	1812
1653	1984
1654	491
1654	1020
1654	1646
1654	1697
1654	1928
1654	1958
1655	1122
1655	1143
1655	1281
1655	1363
1655	1393
1655	1785
1656	652
1656	695
1656	1099
1656	1281
1656	1364
1656	1481
1657	364
1657	1015
1657	1343
1657	1418
1657	1622
1657	1682
1658	490
1658	981
1658	1340
1658	1568
1658	1843
1658	1962
1659	114
1659	365
1659	1707
1659	1805
1659	1913
1659	1981
1660	52
1660	1049
1660	1108
1660	1621
1660	1782
1660	1927
1661	97
1661	662
1661	869
1661	1462
1661	1788
1661	1918
1662	656
1662	784
1662	787
1662	898
1662	1443
1662	1876
1663	304
1663	1188
1663	1423
1663	1483
1663	1852
1663	1937
1664	216
1664	547
1664	1455
1664	1646
1664	1895
1664	1996
1665	722
1665	1427
1665	1472
1665	1778
1665	1807
1665	1968
1666	13
1666	921
1666	1288
1666	1754
1666	1892
1666	1970
1667	1126
1667	1472
1667	1553
1667	1760
1667	1807
1667	1968
1668	992
1668	1123
1668	1431
1668	1535
1668	1787
1668	1910
1669	451
1669	623
1669	1303
1669	1683
1669	1694
1669	1901
1670	943
1670	1198
1670	1400
1670	1476
1670	1572
1670	1677
1671	1088
1671	1292
1671	1491
1671	1591
1671	1813
1671	1887
1672	1226
1672	1290
1672	1378
1672	1524
1672	1636
1672	1942
1673	828
1673	1098
1673	1289
1673	1806
1673	1895
1673	1956
1674	220
1674	425
1674	1281
1674	1481
1674	1883
1674	1998
1675	622
1675	1120
1675	1218
1675	1639
1675	1735
1675	1993
1676	1393
1676	1498
1676	1715
1676	1843
1676	1951
1676	1962
1677	270
1677	847
1677	1670
1677	1699
1677	1756
1677	1924
1678	847
1678	932
1678	1706
1678	1807
1678	1890
1678	1968
1679	747
1679	1024
1679	1463
1679	1600
1679	1639
1679	1838
1680	1301
1680	1500
1680	1837
1680	1846
1680	1943
1680	1992
1681	570
1681	1365
1681	1489
1681	1740
1681	1789
1681	1989
1682	488
1682	735
1682	1276
1682	1469
1682	1657
1682	1896
1683	253
1683	1270
1683	1650
1683	1669
1683	1790
1683	1896
1684	33
1684	48
1684	133
1684	658
1684	1910
1684	1947
1685	330
1685	439
1685	717
1685	854
1685	1432
1685	1913
1686	198
1686	1308
1686	1329
1686	1439
1686	1806
1686	1981
1687	705
1687	1361
1687	1515
1687	1806
1687	1831
1687	1917
1688	715
1688	1009
1688	1304
1688	1608
1688	1689
1688	1844
1689	966
1689	1529
1689	1545
1689	1592
1689	1688
1689	1987
1690	670
1690	1507
1690	1581
1690	1705
1690	1802
1690	1938
1691	1789
1691	1855
1691	1874
1691	1904
1691	1961
1691	1987
1692	446
1692	1000
1692	1560
1692	1573
1692	1850
1692	1902
1693	622
1693	792
1693	969
1693	1838
1693	1870
1693	1928
1694	331
1694	907
1694	1219
1694	1287
1694	1669
1694	1781
1694	1896
1695	416
1695	788
1695	1261
1695	1277
1695	1346
1695	1417
1695	1768
1696	133
1696	138
1696	377
1696	1524
1696	1636
1696	1947
1696	1980
1697	1346
1697	1384
1697	1606
1697	1654
1697	1736
1697	1952
1697	1965
1698	334
1698	476
1698	1117
1698	1513
1698	1572
1698	1860
1698	1876
1699	38
1699	49
1699	211
1699	245
1699	638
1699	1115
1699	1677
1700	145
1700	771
1700	1299
1700	1619
1700	1937
1700	1959
1700	1994
1701	105
1701	504
1701	572
1701	1162
1701	1280
1701	1475
1701	1754
1702	725
1702	1319
1702	1508
1702	1590
1702	1766
1702	1978
1702	1988
1703	794
1703	894
1703	1154
1703	1284
1703	1642
1703	1745
1703	1880
1704	825
1704	1420
1704	1446
1704	1501
1704	1607
1704	1907
1704	1993
1705	543
1705	946
1705	1068
1705	1690
1705	1780
1705	1876
1705	1897
1706	466
1706	1010
1706	1678
1706	1746
1706	1775
1706	1807
1706	1968
1707	172
1707	786
1707	904
1707	1055
1707	1109
1707	1659
1707	1821
1708	1074
1708	1391
1708	1532
1708	1560
1708	1587
1708	1903
1708	1942
1709	47
1709	1070
1709	1412
1709	1738
1709	1751
1709	1810
1709	1932
1710	82
1710	192
1710	406
1710	480
1710	1413
1710	1449
1710	1628
1711	135
1711	494
1711	617
1711	1764
1711	1853
1711	1902
1711	1906
1712	1147
1712	1376
1712	1501
1712	1504
1712	1545
1712	1756
1712	1975
1713	186
1713	1135
1713	1184
1713	1586
1713	1860
1713	1918
1713	1972
1714	769
1714	984
1714	1443
1714	1629
1714	1733
1714	1784
1714	1971
1715	511
1715	808
1715	904
1715	1676
1715	1758
1715	1818
1715	1962
1716	1346
1716	1606
1716	1752
1716	1764
1716	1787
1716	1952
1716	1968
1717	41
1717	496
1717	1007
1717	1236
1717	1719
1717	1916
1717	1970
1718	406
1718	520
1718	586
1718	1016
1718	1652
1718	1801
1718	1999
1719	21
1719	1717
1719	1747
1719	1754
1719	1836
1719	1892
1719	1965
1720	1100
1720	1375
1720	1442
1720	1850
1720	1883
1720	1969
1720	1979
1721	564
1721	1201
1721	1429
1721	1437
1721	1536
1721	1585
1721	1861
1722	1042
1722	1387
1722	1462
1722	1469
1722	1576
1722	1624
1722	1958
1723	953
1723	1394
1723	1457
1723	1601
1723	1623
1723	1918
1723	1974
1724	877
1724	1031
1724	1124
1724	1125
1724	1511
1724	1826
1724	1937
1725	1342
1725	1344
1725	1421
1725	1824
1725	1856
1725	1912
1725	1990
1726	896
1726	1340
1726	1470
1726	1534
1726	1544
1726	1973
1726	1999
1727	875
1727	1227
1727	1315
1727	1474
1727	1739
1727	1776
1727	1894
1728	644
1728	1013
1728	1512
1728	1833
1728	1837
1728	1871
1728	1880
1729	142
1729	194
1729	1108
1729	1813
1729	1835
1729	1841
1729	1920
1730	928
1730	1291
1730	1563
1730	1740
1730	1811
1730	1840
1730	1980
1731	7
1731	252
1731	269
1731	500
1731	989
1731	1456
1731	1954
1732	959
1732	1021
1732	1772
1732	1792
1732	1897
1732	1938
1732	1950
1733	463
1733	1110
1733	1462
1733	1714
1733	1788
1733	1854
1733	1971
1734	17
1734	896
1734	910
1734	1613
1734	1771
1734	1797
1734	1997
1735	825
1735	985
1735	1101
1735	1675
1735	1799
1735	1804
1735	1923
1736	753
1736	942
1736	1127
1736	1697
1736	1744
1736	1868
1736	1914
1737	287
1737	557
1737	1047
1737	1814
1737	1841
1737	1916
1737	1946
1738	46
1738	566
1738	1549
1738	1576
1738	1629
1738	1709
1738	1788
1739	240
1739	425
1739	1349
1739	1362
1739	1609
1739	1727
1739	1973
1740	536
1740	1313
1740	1346
1740	1681
1740	1730
1740	1862
1740	1928
1741	368
1741	441
1741	814
1741	1016
1741	1027
1741	1852
1741	1957
1742	164
1742	342
1742	482
1742	1504
1742	1527
1742	1828
1742	1909
1743	519
1743	758
1743	930
1743	1368
1743	1409
1743	1453
1743	1610
1744	363
1744	657
1744	750
1744	1043
1744	1075
1744	1736
1744	1958
1745	889
1745	987
1745	1082
1745	1206
1745	1447
1745	1640
1745	1703
1746	317
1746	1312
1746	1427
1746	1706
1746	1887
1746	1960
1746	1968
1747	427
1747	927
1747	1719
1747	1803
1747	1908
1747	1933
1747	1981
1748	222
1748	627
1748	1583
1748	1749
1748	1773
1748	1869
1748	1988
1749	244
1749	1370
1749	1421
1749	1748
1749	1802
1749	1888
1749	1995
1750	931
1750	1276
1750	1287
1750	1381
1750	1445
1750	1830
1750	1985
1751	912
1751	1041
1751	1181
1751	1324
1751	1709
1751	1775
1751	1896
1752	282
1752	1299
1752	1315
1752	1716
1752	1795
1752	1958
1752	1959
1753	361
1753	891
1753	954
1753	1069
1753	1435
1753	1766
1753	1987
1754	775
1754	858
1754	1666
1754	1701
1754	1719
1754	1892
1754	1988
1755	310
1755	813
1755	887
1755	1076
1755	1222
1755	1844
1755	1968
1756	349
1756	778
1756	976
1756	1379
1756	1608
1756	1677
1756	1712
1757	1516
1757	1829
1757	1873
1757	1906
1757	1914
1757	1934
1757	1964
1758	52
1758	94
1758	698
1758	1471
1758	1493
1758	1568
1758	1715
1759	501
1759	1014
1759	1407
1759	1569
1759	1794
1759	1867
1759	1977
1760	115
1760	1241
1760	1432
1760	1472
1760	1667
1760	1960
1760	1982
1761	513
1761	782
1761	1267
1761	1408
1761	1611
1761	1774
1761	1964
1762	585
1762	1236
1762	1585
1762	1627
1762	1922
1762	1974
1762	1993
1763	209
1763	1225
1763	1231
1763	1569
1763	1609
1763	1881
1763	1973
1764	478
1764	1089
1764	1567
1764	1711
1764	1716
1764	1828
1764	1902
1765	228
1765	863
1765	1307
1765	1400
1765	1564
1765	1860
1765	1972
1766	319
1766	1545
1766	1608
1766	1610
1766	1702
1766	1753
1766	1818
1767	74
1767	157
1767	416
1767	1261
1767	1570
1767	1616
1767	1920
1768	184
1768	515
1768	1635
1768	1695
1768	1880
1768	1901
1768	1946
1769	380
1769	450
1769	886
1769	1066
1769	1253
1769	1311
1769	1792
1770	37
1770	961
1770	1266
1770	1316
1770	1528
1770	1805
1770	1925
1771	616
1771	1080
1771	1328
1771	1649
1771	1734
1771	1792
1771	1951
1772	151
1772	280
1772	739
1772	757
1772	1061
1772	1732
1772	1780
1773	432
1773	836
1773	1342
1773	1390
1773	1590
1773	1748
1773	1888
1773	1998
1774	968
1774	994
1774	1296
1774	1327
1774	1559
1774	1761
1774	1831
1774	1833
1775	40
1775	892
1775	1337
1775	1615
1775	1706
1775	1751
1775	1912
1775	1936
1776	6
1776	525
1776	866
1776	958
1776	971
1776	1524
1776	1727
1776	1947
1777	1326
1777	1503
1777	1626
1777	1824
1777	1869
1777	1988
1777	1995
1777	1998
1778	1241
1778	1312
1778	1450
1778	1665
1778	1780
1778	1807
1778	1950
1778	1960
1779	509
1779	1163
1779	1396
1779	1473
1779	1482
1779	1808
1779	1863
1779	1942
1780	1215
1780	1273
1780	1705
1780	1772
1780	1778
1780	1851
1780	1861
1780	1950
1781	806
1781	983
1781	1212
1781	1500
1781	1694
1781	1801
1781	1882
1781	1992
1782	751
1782	1464
1782	1574
1782	1588
1782	1660
1782	1789
1782	1811
1782	1966
1783	79
1783	210
1783	951
1783	1023
1783	1331
1783	1424
1783	1612
1783	1820
1784	748
1784	1005
1784	1624
1784	1714
1784	1836
1784	1932
1784	1948
1784	1971
1785	53
1785	1380
1785	1437
1785	1551
1785	1593
1785	1655
1785	1944
1785	1974
1786	295
1786	511
1786	698
1786	1080
1786	1105
1786	1121
1786	1471
1786	1498
1787	844
1787	1489
1787	1668
1787	1716
1787	1901
1787	1952
1787	1958
1787	1959
1788	786
1788	804
1788	1039
1788	1196
1788	1210
1788	1661
1788	1733
1788	1738
1789	311
1789	417
1789	1264
1789	1318
1789	1681
1789	1691
1789	1782
1789	1949
1790	60
1790	1147
1790	1303
1790	1430
1790	1650
1790	1683
1790	1830
1790	1889
1791	195
1791	556
1791	601
1791	1121
1791	1309
1791	1552
1791	1802
1791	1938
1792	375
1792	460
1792	1613
1792	1732
1792	1769
1792	1771
1792	1951
1792	1954
1793	401
1793	473
1793	1002
1793	1433
1793	1493
1793	1618
1793	1953
1793	1966
1794	460
1794	1097
1794	1518
1794	1580
1794	1759
1794	1931
1794	1939
1794	1955
1795	844
1795	848
1795	1463
1795	1489
1795	1514
1795	1548
1795	1752
1795	1891
1796	263
1796	418
1796	689
1796	730
1796	1066
1796	1272
1796	1345
1796	1929
1797	620
1797	1170
1797	1229
1797	1251
1797	1341
1797	1455
1797	1638
1797	1734
1798	606
1798	793
1798	922
1798	1807
1798	1904
1798	1925
1798	1927
1798	1949
1799	22
1799	1042
1799	1317
1799	1452
1799	1653
1799	1735
1799	1804
1799	1907
1800	1261
1800	1358
1800	1371
1800	1537
1800	1814
1800	1841
1800	1880
1800	1995
1801	1192
1801	1718
1801	1781
1801	1810
1801	1846
1801	1957
1801	1971
1801	1999
1802	734
1802	1273
1802	1643
1802	1690
1802	1749
1802	1791
1802	1938
1802	1984
1803	339
1803	830
1803	1029
1803	1182
1803	1329
1803	1386
1803	1747
1803	1926
1804	24
1804	1101
1804	1130
1804	1183
1804	1735
1804	1799
1804	1894
1804	1907
1805	198
1805	1110
1805	1484
1805	1515
1805	1659
1805	1770
1805	1859
1805	1981
1806	395
1806	1331
1806	1361
1806	1458
1806	1673
1806	1686
1806	1687
1806	1933
1807	1665
1807	1667
1807	1678
1807	1706
1807	1778
1807	1798
1807	1917
1807	1960
1808	226
1808	362
1808	652
1808	1276
1808	1779
1808	1840
1808	1857
1808	1875
1809	117
1809	749
1809	920
1809	1026
1809	1434
1809	1497
1809	1911
1809	1973
1810	587
1810	1645
1810	1652
1810	1709
1810	1801
1810	1872
1810	1877
1810	1935
1811	352
1811	1024
1811	1542
1811	1553
1811	1730
1811	1782
1811	1863
1811	1989
1812	846
1812	915
1812	938
1812	1156
1812	1371
1812	1653
1812	1902
1812	1909
1813	1142
1813	1151
1813	1183
1813	1358
1813	1671
1813	1729
1813	1833
1813	1871
1814	384
1814	1625
1814	1642
1814	1737
1814	1800
1814	1833
1814	1920
1814	1946
1815	205
1815	478
1815	590
1815	1216
1815	1291
1815	1351
1815	1523
1815	1857
1816	271
1816	962
1816	1076
1816	1543
1816	1638
1816	1910
1816	1936
1816	1986
1817	44
1817	181
1817	402
1817	683
1817	1123
1817	1138
1817	1290
1817	1542
1818	802
1818	1060
1818	1376
1818	1391
1818	1392
1818	1444
1818	1715
1818	1766
1818	1822
1819	148
1819	291
1819	545
1819	764
1819	1585
1819	1633
1819	1829
1819	1906
1819	1964
1820	91
1820	577
1820	727
1820	855
1820	1287
1820	1783
1820	1842
1820	1899
1820	1985
1821	463
1821	569
1821	596
1821	1360
1821	1629
1821	1707
1821	1860
1821	1911
1821	1932
1822	733
1822	1391
1822	1392
1822	1504
1822	1818
1822	1940
1822	1945
1822	1975
1822	1987
1823	31
1823	423
1823	604
1823	708
1823	732
1823	1006
1823	1495
1823	1935
1823	1992
1824	845
1824	1522
1824	1626
1824	1725
1824	1777
1824	1888
1824	1973
1824	1980
1824	1998
1825	106
1825	438
1825	551
1825	947
1825	1399
1825	1622
1825	1842
1825	1882
1825	1976
1826	809
1826	1031
1826	1089
1826	1215
1826	1541
1826	1724
1826	1834
1826	1915
1826	1983
1827	166
1827	246
1827	487
1827	1032
1827	1159
1827	1310
1827	1377
1827	1589
1827	1924
1828	34
1828	809
1828	1558
1828	1742
1828	1764
1828	1834
1828	1909
1828	1915
1828	1983
1829	25
1829	291
1829	824
1829	890
1829	1757
1829	1819
1829	1839
1829	1964
1829	1967
1830	248
1830	331
1830	829
1830	891
1830	918
1830	1028
1830	1197
1830	1750
1830	1790
1831	298
1831	350
1831	1095
1831	1687
1831	1774
1831	1859
1831	1913
1831	1921
1831	1922
1832	69
1832	134
1832	589
1832	1234
1832	1336
1832	1578
1832	1834
1832	1853
1832	2000
1833	455
1833	1062
1833	1167
1833	1371
1833	1512
1833	1728
1833	1774
1833	1813
1833	1814
1834	684
1834	1597
1834	1643
1834	1826
1834	1828
1834	1832
1834	1852
1834	1983
1834	2000
1835	176
1835	1509
1835	1619
1835	1729
1835	1852
1835	1866
1835	1937
1835	1966
1835	1994
1836	175
1836	921
1836	1064
1836	1134
1836	1436
1836	1719
1836	1784
1836	1905
1836	1963
1837	370
1837	861
1837	949
1837	1027
1837	1680
1837	1728
1837	1872
1837	1943
1837	1999
1838	1380
1838	1473
1838	1550
1838	1551
1838	1594
1838	1679
1838	1693
1838	1873
1838	1940
1839	1019
1839	1205
1839	1567
1839	1633
1839	1829
1839	1846
1839	1906
1839	1914
1839	1967
1840	731
1840	857
1840	1091
1840	1523
1840	1525
1840	1730
1840	1808
1840	1947
1840	1980
1841	648
1841	740
1841	1371
1841	1509
1841	1625
1841	1729
1841	1737
1841	1800
1841	1946
1842	313
1842	486
1842	947
1842	1046
1842	1612
1842	1820
1842	1825
1842	1976
1842	1985
1843	180
1843	534
1843	600
1843	981
1843	1033
1843	1658
1843	1676
1843	1892
1843	1900
1844	1353
1844	1487
1844	1493
1844	1520
1844	1529
1844	1688
1844	1755
1844	1865
1844	1982
1845	928
1845	1096
1845	1225
1845	1245
1845	1315
1845	1382
1845	1894
1845	1910
1845	1973
1846	665
1846	1263
1846	1355
1846	1405
1846	1680
1846	1801
1846	1839
1846	1882
1846	1957
1846	1999
1847	55
1847	109
1847	873
1847	942
1847	1422
1847	1539
1847	1591
1847	1616
1847	1625
1847	1887
1848	64
1848	703
1848	814
1848	967
1848	1038
1848	1097
1848	1198
1848	1360
1848	1860
1848	1972
1849	621
1849	943
1849	1153
1849	1440
1849	1615
1849	1644
1849	1910
1849	1986
1849	1988
1849	1997
1850	873
1850	1051
1850	1104
1850	1375
1850	1562
1850	1692
1850	1720
1850	1868
1850	1889
1850	1969
1851	2
1851	498
1851	1067
1851	1336
1851	1507
1851	1542
1851	1565
1851	1780
1851	1914
1851	1941
1852	1139
1852	1580
1852	1663
1852	1741
1852	1834
1852	1835
1852	1931
1852	1937
1852	1939
1852	1978
1853	373
1853	691
1853	713
1853	1233
1853	1511
1853	1540
1853	1711
1853	1832
1853	1858
1853	1902
1854	571
1854	632
1854	812
1854	1246
1854	1260
1854	1333
1854	1438
1854	1635
1854	1733
1854	1924
1855	132
1855	876
1855	902
1855	1316
1855	1563
1855	1574
1855	1691
1855	1904
1855	1961
1855	1966
1856	214
1856	341
1856	841
1856	916
1856	1093
1856	1319
1856	1725
1856	1988
1856	1990
1856	1998
1857	275
1857	643
1857	683
1857	1586
1857	1808
1857	1815
1857	1863
1857	1947
1857	1952
1857	1993
1858	468
1858	1014
1858	1454
1858	1554
1858	1853
1858	1937
1858	1939
1858	1955
1858	1975
1858	1994
1859	114
1859	705
1859	1484
1859	1515
1859	1632
1859	1805
1859	1831
1859	1881
1859	1893
1859	1933
1860	90
1860	752
1860	1308
1860	1513
1860	1698
1860	1713
1860	1765
1860	1821
1860	1848
1860	1972
1861	737
1861	1172
1861	1309
1861	1596
1861	1638
1861	1721
1861	1780
1861	1867
1861	1938
1861	1940
1862	536
1862	704
1862	1427
1862	1740
1862	1868
1862	1901
1862	1928
1862	1958
1862	1989
1862	1990
1863	50
1863	323
1863	761
1863	1480
1863	1525
1863	1649
1863	1779
1863	1811
1863	1857
1863	1980
1864	283
1864	340
1864	413
1864	554
1864	1079
1864	1389
1864	1395
1864	1533
1864	1571
1864	1926
1865	84
1865	431
1865	954
1865	1504
1865	1573
1865	1631
1865	1844
1865	1899
1865	1975
1865	1982
1866	259
1866	870
1866	1074
1866	1461
1866	1835
1866	1878
1866	1931
1866	1978
1866	1983
1866	1994
1867	1262
1867	1494
1867	1554
1867	1759
1867	1861
1867	1931
1867	1937
1867	1942
1867	1977
1867	1978
1868	442
1868	1254
1868	1489
1868	1630
1868	1736
1868	1850
1868	1862
1868	1928
1868	1958
1868	1989
1869	499
1869	592
1869	1092
1869	1292
1869	1419
1869	1426
1869	1590
1869	1748
1869	1777
1869	1995
1870	11
1870	99
1870	322
1870	535
1870	781
1870	897
1870	1332
1870	1693
1870	1918
1870	1993
1871	579
1871	666
1871	952
1871	1268
1871	1274
1871	1363
1871	1537
1871	1539
1871	1728
1871	1813
1872	68
1872	337
1872	1177
1872	1221
1872	1413
1872	1810
1872	1837
1872	1882
1872	1935
1872	1999
1873	761
1873	839
1873	1053
1873	1457
1873	1639
1873	1757
1873	1838
1873	1923
1873	1941
1873	1991
1874	76
1874	141
1874	459
1874	544
1874	588
1874	898
1874	1259
1874	1691
1874	1966
1874	1982
1875	435
1875	514
1875	881
1875	902
1875	1285
1875	1482
1875	1553
1875	1808
1875	1954
1875	1980
1876	284
1876	680
1876	895
1876	1168
1876	1184
1876	1400
1876	1513
1876	1662
1876	1698
1876	1705
1877	421
1877	604
1877	708
1877	727
1877	1016
1877	1248
1877	1405
1877	1810
1877	1943
1877	1957
1878	29
1878	146
1878	169
1878	552
1878	780
1878	1173
1878	1203
1878	1389
1878	1866
1878	1955
1879	196
1879	300
1879	492
1879	1268
1879	1449
1879	1530
1879	1575
1879	1943
1879	1957
1879	1960
1880	299
1880	798
1880	1047
1880	1537
1880	1703
1880	1728
1880	1768
1880	1800
1880	1920
1880	1946
1881	113
1881	605
1881	1026
1881	1073
1881	1450
1881	1497
1881	1609
1881	1763
1881	1859
1881	1973
1882	63
1882	673
1882	949
1882	1152
1882	1652
1882	1781
1882	1825
1882	1846
1882	1872
1882	1931
1883	512
1883	970
1883	980
1883	1104
1883	1477
1883	1532
1883	1674
1883	1720
1883	1889
1883	1903
1884	317
1884	329
1884	932
1884	1076
1884	1131
1884	1472
1884	1890
1884	1891
1884	1960
1884	1968
1885	313
1885	345
1885	489
1885	619
1885	659
1885	1399
1885	1612
1885	1622
1885	1650
1885	1899
1886	345
1886	548
1886	744
1886	800
1886	853
1886	934
1886	940
1886	1899
1886	1976
1886	1985
1886	1994
1887	25
1887	942
1887	1043
1887	1202
1887	1261
1887	1417
1887	1517
1887	1592
1887	1671
1887	1746
1887	1847
1888	16
1888	1211
1888	1344
1888	1428
1888	1503
1888	1540
1888	1571
1888	1749
1888	1773
1888	1824
1888	1991
1889	34
1889	177
1889	456
1889	1160
1889	1165
1889	1562
1889	1790
1889	1850
1889	1883
1889	1961
1889	1969
1890	559
1890	724
1890	854
1890	887
1890	923
1890	990
1890	1178
1890	1452
1890	1678
1890	1884
1890	1951
1891	262
1891	651
1891	936
1891	1009
1891	1034
1891	1207
1891	1632
1891	1795
1891	1884
1891	1901
1891	1959
1892	108
1892	190
1892	1350
1892	1386
1892	1666
1892	1719
1892	1754
1892	1843
1892	1905
1892	1963
1892	1965
1893	281
1893	384
1893	516
1893	625
1893	859
1893	1007
1893	1008
1893	1029
1893	1522
1893	1859
1893	1908
1894	174
1894	452
1894	1107
1894	1434
1894	1470
1894	1605
1894	1609
1894	1727
1894	1804
1894	1845
1894	1911
1895	597
1895	772
1895	1001
1895	1186
1895	1323
1895	1521
1895	1664
1895	1673
1895	1948
1895	1984
1895	1996
1896	565
1896	816
1896	931
1896	1147
1896	1430
1896	1570
1896	1593
1896	1682
1896	1683
1896	1694
1896	1751
1897	289
1897	686
1897	997
1897	999
1897	1242
1897	1448
1897	1640
1897	1651
1897	1705
1897	1732
1897	1926
1898	124
1898	456
1898	639
1898	919
1898	1012
1898	1180
1898	1305
1898	1356
1898	1502
1898	1948
1898	1996
1899	210
1899	551
1899	867
1899	1574
1899	1620
1899	1820
1899	1865
1899	1885
1899	1886
1899	1976
1899	1985
1900	600
1900	1033
1900	1084
1900	1118
1900	1214
1900	1298
1900	1481
1900	1614
1900	1843
1900	1962
1900	1991
1901	996
1901	1365
1901	1397
1901	1610
1901	1646
1901	1669
1901	1768
1901	1787
1901	1862
1901	1891
1901	1930
1902	645
1902	1556
1902	1616
1902	1692
1902	1711
1902	1764
1902	1812
1902	1853
1902	1909
1902	1915
1902	1983
1903	12
1903	177
1903	521
1903	553
1903	653
1903	1199
1903	1562
1903	1587
1903	1708
1903	1883
1903	1969
1904	9
1904	876
1904	898
1904	1381
1904	1491
1904	1528
1904	1691
1904	1798
1904	1855
1904	1925
1904	1966
1905	308
1905	434
1905	704
1905	1187
1905	1236
1905	1321
1905	1475
1905	1490
1905	1579
1905	1836
1905	1892
1906	149
1906	188
1906	756
1906	905
1906	995
1906	1559
1906	1711
1906	1757
1906	1819
1906	1839
1906	1915
1907	307
1907	552
1907	1054
1907	1294
1907	1372
1907	1496
1907	1535
1907	1704
1907	1799
1907	1804
1907	1984
1908	122
1908	815
1908	1008
1908	1200
1908	1352
1908	1642
1908	1747
1908	1893
1908	1913
1908	1981
1908	1986
1909	69
1909	354
1909	495
1909	1125
1909	1527
1909	1547
1909	1742
1909	1812
1909	1828
1909	1902
1909	2000
1910	149
1910	274
1910	767
1910	1546
1910	1668
1910	1684
1910	1816
1910	1845
1910	1849
1910	1986
1910	1991
1911	113
1911	351
1911	835
1911	1096
1911	1544
1911	1552
1911	1605
1911	1809
1911	1821
1911	1894
1911	1973
1912	332
1912	457
1912	912
1912	1071
1912	1181
1912	1193
1912	1263
1912	1598
1912	1725
1912	1775
1912	1936
1913	192
1913	815
1913	1035
1913	1323
1913	1331
1913	1659
1913	1685
1913	1831
1913	1908
1913	1921
1913	1933
1914	357
1914	628
1914	874
1914	1019
1914	1296
1914	1736
1914	1757
1914	1839
1914	1851
1914	1964
1914	1967
1915	520
1915	967
1915	1034
1915	1069
1915	1567
1915	1826
1915	1828
1915	1902
1915	1906
1915	1983
1915	2000
1916	327
1916	674
1916	1017
1916	1056
1916	1128
1916	1600
1916	1717
1916	1737
1916	1963
1916	1965
1916	1970
1917	115
1917	697
1917	832
1917	854
1917	1134
1917	1241
1917	1300
1917	1356
1917	1687
1917	1807
1917	1960
1918	953
1918	1120
1918	1307
1918	1661
1918	1713
1918	1723
1918	1870
1918	1922
1918	1923
1918	1932
1918	1974
1919	278
1919	576
1919	646
1919	1065
1919	1235
1919	1247
1919	1305
1919	1451
1919	1556
1919	1602
1919	1956
1920	906
1920	1274
1920	1385
1920	1414
1920	1592
1920	1729
1920	1767
1920	1814
1920	1880
1920	1946
1920	1976
1921	203
1921	493
1921	712
1921	830
1921	1458
1921	1534
1921	1831
1921	1913
1921	1929
1921	1933
1921	1981
1922	62
1922	462
1922	567
1922	772
1922	1120
1922	1404
1922	1414
1922	1762
1922	1831
1922	1918
1922	1944
1923	201
1923	393
1923	791
1923	897
1923	1307
1923	1332
1923	1380
1923	1735
1923	1873
1923	1918
1923	1991
1923	1993
1924	85
1924	433
1924	571
1924	655
1924	694
1924	779
1924	1032
1924	1139
1924	1345
1924	1677
1924	1827
1924	1854
1925	527
1925	562
1925	955
1925	1049
1925	1494
1925	1526
1925	1528
1925	1621
1925	1770
1925	1798
1925	1904
1925	1961
1926	254
1926	563
1926	794
1926	929
1926	973
1926	987
1926	1048
1926	1531
1926	1640
1926	1803
1926	1864
1926	1897
1927	76
1927	103
1927	125
1927	763
1927	907
1927	1126
1927	1170
1927	1200
1927	1266
1927	1660
1927	1798
1927	1966
1928	411
1928	421
1928	518
1928	795
1928	811
1928	842
1928	1654
1928	1693
1928	1740
1928	1862
1928	1868
1928	1946
1929	59
1929	453
1929	731
1929	884
1929	1115
1929	1275
1929	1589
1929	1590
1929	1635
1929	1796
1929	1921
1929	1997
1930	366
1930	842
1930	920
1930	1112
1930	1397
1930	1446
1930	1539
1930	1548
1930	1606
1930	1901
1930	1958
1930	1989
1931	259
1931	742
1931	774
1931	1255
1931	1511
1931	1518
1931	1794
1931	1852
1931	1866
1931	1867
1931	1882
1931	1939
1932	591
1932	1055
1932	1070
1932	1171
1932	1175
1932	1443
1932	1479
1932	1709
1932	1784
1932	1821
1932	1918
1932	1971
1933	131
1933	774
1933	1174
1933	1200
1933	1439
1933	1458
1933	1747
1933	1806
1933	1859
1933	1913
1933	1921
1933	1981
1934	165
1934	188
1934	658
1934	1025
1934	1119
1934	1327
1934	1486
1934	1516
1934	1611
1934	1614
1934	1757
1934	1964
1935	120
1935	805
1935	983
1935	1179
1935	1192
1935	1320
1935	1449
1935	1500
1935	1617
1935	1810
1935	1823
1935	1872
1936	274
1936	882
1936	992
1936	1140
1936	1366
1936	1535
1936	1594
1936	1598
1936	1775
1936	1816
1936	1912
1936	1957
1937	1262
1937	1288
1937	1518
1937	1589
1937	1663
1937	1700
1937	1724
1937	1835
1937	1852
1937	1858
1937	1867
1937	1994
1938	280
1938	475
1938	609
1938	674
1938	1246
1938	1388
1938	1478
1938	1690
1938	1732
1938	1791
1938	1802
1938	1861
1939	92
1939	178
1939	480
1939	743
1939	762
1939	1619
1939	1794
1939	1852
1939	1858
1939	1931
1939	1955
1939	1978
1940	225
1940	356
1940	946
1940	959
1940	978
1940	1068
1940	1246
1940	1510
1940	1822
1940	1838
1940	1861
1940	1950
1941	2
1941	39
1941	230
1941	243
1941	434
1941	1067
1941	1239
1941	1478
1941	1514
1941	1533
1941	1851
1941	1873
1942	102
1942	958
1942	1351
1942	1354
1942	1542
1942	1553
1942	1563
1942	1603
1942	1672
1942	1708
1942	1779
1942	1867
1943	546
1943	861
1943	973
1943	1135
1943	1413
1943	1495
1943	1575
1943	1645
1943	1680
1943	1837
1943	1877
1943	1879
1944	72
1944	221
1944	1437
1944	1505
1944	1593
1944	1594
1944	1601
1944	1785
1944	1922
1944	1970
1944	1991
1944	1993
1945	535
1945	654
1945	672
1945	919
1945	976
1945	1012
1945	1284
1945	1435
1945	1529
1945	1637
1945	1822
1945	1976
1946	253
1946	404
1946	702
1946	1499
1946	1539
1946	1737
1946	1768
1946	1814
1946	1841
1946	1880
1946	1920
1946	1928
1947	824
1947	1111
1947	1300
1947	1441
1947	1480
1947	1543
1947	1549
1947	1684
1947	1696
1947	1776
1947	1840
1947	1857
1948	92
1948	118
1948	477
1948	537
1948	865
1948	1098
1948	1415
1948	1602
1948	1784
1948	1895
1948	1898
1948	1999
1949	459
1949	625
1949	793
1949	876
1949	1279
1949	1318
1949	1618
1949	1789
1949	1798
1949	1960
1949	1961
1949	1966
1950	36
1950	522
1950	871
1950	956
1950	1170
1950	1172
1950	1257
1950	1507
1950	1562
1950	1732
1950	1778
1950	1780
1950	1940
1951	136
1951	213
1951	233
1951	914
1951	926
1951	970
1951	1630
1951	1649
1951	1676
1951	1771
1951	1792
1951	1890
1951	1997
1952	14
1952	158
1952	318
1952	795
1952	1237
1952	1338
1952	1646
1952	1697
1952	1716
1952	1787
1952	1857
1952	1958
1952	1989
1953	260
1953	283
1953	501
1953	550
1953	820
1953	891
1953	1437
1953	1493
1953	1634
1953	1793
1953	1971
1953	1975
1953	1987
1954	294
1954	461
1954	926
1954	975
1954	1020
1954	1520
1954	1572
1954	1630
1954	1649
1954	1731
1954	1792
1954	1875
1954	1997
1955	119
1955	178
1955	506
1955	1014
1955	1046
1955	1164
1955	1173
1955	1554
1955	1794
1955	1858
1955	1878
1955	1939
1955	1978
1956	378
1956	399
1956	426
1956	1289
1956	1323
1956	1334
1956	1401
1956	1455
1956	1556
1956	1673
1956	1919
1956	1973
1956	1996
1957	103
1957	120
1957	409
1957	471
1957	1086
1957	1322
1957	1645
1957	1741
1957	1801
1957	1846
1957	1877
1957	1879
1957	1936
1958	1094
1958	1102
1958	1492
1958	1654
1958	1722
1958	1744
1958	1752
1958	1787
1958	1862
1958	1868
1958	1930
1958	1952
1958	1959
1959	564
1959	678
1959	838
1959	1207
1959	1258
1959	1338
1959	1606
1959	1700
1959	1752
1959	1787
1959	1891
1959	1958
1959	1977
1960	184
1960	329
1960	990
1960	1419
1960	1432
1960	1746
1960	1760
1960	1778
1960	1807
1960	1879
1960	1884
1960	1917
1960	1949
1961	333
1961	606
1961	608
1961	738
1961	986
1961	1279
1961	1464
1961	1691
1961	1855
1961	1889
1961	1925
1961	1949
1961	1966
1962	220
1962	342
1962	729
1962	743
1962	751
1962	900
1962	1099
1962	1298
1962	1363
1962	1658
1962	1676
1962	1715
1962	1900
1963	393
1963	598
1963	650
1963	775
1963	1199
1963	1384
1963	1386
1963	1485
1963	1579
1963	1836
1963	1892
1963	1916
1963	1965
1964	216
1964	1119
1964	1296
1964	1461
1964	1516
1964	1614
1964	1633
1964	1757
1964	1761
1964	1819
1964	1829
1964	1914
1964	1934
1965	681
1965	706
1965	918
1965	1128
1965	1490
1965	1641
1965	1697
1965	1719
1965	1892
1965	1916
1965	1963
1965	1970
1965	1976
1966	907
1966	1295
1966	1464
1966	1588
1966	1782
1966	1793
1966	1835
1966	1855
1966	1874
1966	1904
1966	1927
1966	1949
1966	1961
1967	357
1967	371
1967	715
1967	852
1967	874
1967	890
1967	995
1967	1163
1967	1584
1967	1652
1967	1829
1967	1839
1967	1914
1968	286
1968	692
1968	1010
1968	1011
1968	1118
1968	1452
1968	1665
1968	1667
1968	1678
1968	1706
1968	1716
1968	1746
1968	1755
1968	1884
1969	325
1969	346
1969	777
1969	837
1969	878
1969	882
1969	1286
1969	1477
1969	1530
1969	1532
1969	1720
1969	1850
1969	1889
1969	1903
1970	5
1970	608
1970	706
1970	718
1970	913
1970	1017
1970	1172
1970	1321
1970	1647
1970	1666
1970	1717
1970	1916
1970	1944
1970	1965
1971	397
1971	566
1971	804
1971	904
1971	972
1971	1103
1971	1339
1971	1462
1971	1714
1971	1733
1971	1784
1971	1801
1971	1932
1971	1953
1972	64
1972	432
1972	447
1972	476
1972	724
1972	1087
1972	1475
1972	1476
1972	1713
1972	1765
1972	1848
1972	1860
1972	1989
1972	2000
1973	209
1973	893
1973	1022
1973	1460
1973	1474
1973	1726
1973	1739
1973	1763
1973	1809
1973	1824
1973	1845
1973	1881
1973	1911
1973	1956
1974	80
1974	179
1974	231
1974	581
1974	851
1974	1155
1974	1214
1974	1224
1974	1623
1974	1723
1974	1762
1974	1785
1974	1918
1974	1993
1975	20
1975	171
1975	349
1975	470
1975	636
1975	1487
1975	1488
1975	1529
1975	1651
1975	1712
1975	1822
1975	1858
1975	1865
1975	1953
1976	23
1976	595
1976	885
1976	989
1976	1422
1976	1424
1976	1622
1976	1825
1976	1842
1976	1886
1976	1899
1976	1920
1976	1945
1976	1965
1977	1
1977	428
1977	762
1977	870
1977	1145
1977	1203
1977	1461
1977	1505
1977	1554
1977	1759
1977	1867
1977	1959
1977	1978
1977	1994
1978	56
1978	428
1978	599
1978	807
1978	1425
1978	1494
1978	1702
1978	1852
1978	1866
1978	1867
1978	1939
1978	1955
1978	1977
1978	1994
1979	143
1979	144
1979	440
1979	614
1979	707
1979	777
1979	805
1979	841
1979	880
1979	1158
1979	1365
1979	1442
1979	1604
1979	1720
1980	138
1980	651
1980	971
1980	1093
1980	1525
1980	1544
1980	1563
1980	1586
1980	1696
1980	1730
1980	1824
1980	1840
1980	1863
1980	1875
1981	281
1981	365
1981	510
1981	846
1981	1174
1981	1185
1981	1329
1981	1659
1981	1686
1981	1747
1981	1805
1981	1908
1981	1921
1981	1933
1982	11
1982	104
1982	260
1982	1196
1982	1269
1982	1373
1982	1409
1982	1504
1982	1610
1982	1631
1982	1760
1982	1844
1982	1865
1982	1874
1983	1
1983	412
1983	507
1983	938
1983	991
1983	1560
1983	1567
1983	1597
1983	1826
1983	1828
1983	1834
1983	1866
1983	1902
1983	1915
1984	247
1984	496
1984	574
1984	985
1984	1044
1984	1221
1984	1317
1984	1372
1984	1416
1984	1501
1984	1607
1984	1653
1984	1802
1984	1895
1984	1907
1985	193
1985	479
1985	541
1985	867
1985	888
1985	1006
1985	1046
1985	1399
1985	1460
1985	1599
1985	1750
1985	1820
1985	1842
1985	1886
1985	1899
1986	43
1986	578
1986	621
1986	738
1986	950
1986	1217
1986	1337
1986	1374
1986	1440
1986	1535
1986	1615
1986	1816
1986	1849
1986	1908
1986	1910
1987	385
1987	1127
1987	1278
1987	1304
1987	1353
1987	1407
1987	1435
1987	1488
1987	1538
1987	1618
1987	1689
1987	1691
1987	1753
1987	1822
1987	1953
1988	166
1988	823
1988	1211
1988	1426
1988	1546
1988	1558
1988	1583
1988	1626
1988	1702
1988	1748
1988	1754
1988	1777
1988	1849
1988	1856
1988	1990
1989	10
1989	419
1989	892
1989	1075
1989	1077
1989	1094
1989	1112
1989	1254
1989	1681
1989	1811
1989	1862
1989	1868
1989	1930
1989	1952
1989	1972
1990	7
1990	16
1990	592
1990	1319
1990	1342
1990	1366
1990	1478
1990	1508
1990	1522
1990	1555
1990	1590
1990	1725
1990	1856
1990	1862
1990	1988
1991	581
1991	663
1991	974
1991	1330
1991	1505
1991	1551
1991	1577
1991	1600
1991	1873
1991	1888
1991	1900
1991	1910
1991	1923
1991	1944
1991	1993
1992	146
1992	264
1992	546
1992	714
1992	861
1992	937
1992	1035
1992	1086
1992	1325
1992	1406
1992	1492
1992	1557
1992	1680
1992	1781
1992	1823
1993	179
1993	202
1993	964
1993	1155
1993	1473
1993	1532
1993	1675
1993	1704
1993	1762
1993	1857
1993	1870
1993	1923
1993	1944
1993	1974
1993	1991
1994	56
1994	304
1994	599
1994	911
1994	1254
1994	1476
1994	1569
1994	1700
1994	1835
1994	1858
1994	1866
1994	1886
1994	1937
1994	1977
1994	1978
1995	232
1995	497
1995	801
1995	980
1995	1319
1995	1366
1995	1367
1995	1508
1995	1526
1995	1540
1995	1639
1995	1749
1995	1777
1995	1800
1995	1869
1996	124
1996	172
1996	410
1996	467
1996	852
1996	865
1996	1232
1996	1305
1996	1356
1996	1447
1996	1561
1996	1664
1996	1895
1996	1898
1996	1956
1997	170
1997	343
1997	883
1997	910
1997	970
1997	1020
1997	1116
1997	1144
1997	1195
1997	1582
1997	1734
1997	1849
1997	1929
1997	1951
1997	1954
1998	45
1998	72
1998	277
1998	303
1998	836
1998	1211
1998	1367
1998	1428
1998	1540
1998	1555
1998	1674
1998	1773
1998	1777
1998	1824
1998	1856
1999	388
1999	444
1999	741
1999	1192
1999	1212
1999	1282
1999	1495
1999	1530
1999	1718
1999	1726
1999	1801
1999	1837
1999	1846
1999	1872
1999	1948
2000	134
2000	162
2000	691
2000	696
2000	1069
2000	1131
2000	1335
2000	1511
2000	1513
2000	1597
2000	1832
2000	1834
2000	1909
2000	1915
2000	1972
